,minimum,maximum
15DAPtex,-941.8401649822091,1.8286910085385114e-12
15DAPtpp,0.0,958.6003024211379
1HIBUPGLU_St2pp,0.0,1000.0000000000001
1HIBUPGLU_Stex,0.0,999.9999999999999
1HIBUP_S_GLCAASE,0.0,999.9999999999999
1HIBUP_Stepp,0.0,1000.0
1HIBUP_Stex,-1000.0,0.0
1HMDGLUC_GLCAASE,0.0,1000.0
1HMDGLUCt2pp,0.0,999.9999999999999
1HMDGLUCtex,0.0,999.9999999999999
1OHMDZtepp,0.0,1000.0
1OHMDZtex,-1000.0,0.0
23DHMPO,-1000.0000000000002,1000.0
23PDE2,0.0,0.0
23PDE4,0.0,0.0
23PDE7,0.0,0.0
23PDE9,0.0,0.0
2AHBUTI,-1000.0,999.9999999999999
2DDGLCNtex,-1000.0,-1.2946478264120827e-11
2DH3DGLCA,1.7231740067359053e-11,0.0
2DMMQ8abcpp,0.0,-1.0894155649374062e-11
2DMMQ8tex,0.0,-1.220046573820343e-11
2HATVACIDGLUC_GLCAASE,0.0,999.9999999999999
2HATVACIDGLUCt2pp,0.0,999.9999999999999
2HATVACIDGLUCtex,0.0,999.9999999999999
2HATVACIDtepp,0.0,1000.0
2HATVACIDtex,-1000.0,0.0
2HATVLACGLUC_GLCAASE,0.0,1000.0
2HATVLACGLUCt2pp,0.0,999.9999999999999
2HATVLACGLUCtex,0.0,999.9999999999999
2HATVLACtepp,0.0,1000.0
2HATVLACtex,-1000.0,0.0
2HIBUPGLU_St2pp,0.0,1000.0000000000001
2HIBUPGLU_Stex,0.0,999.9999999999999
2HIBUP_S_GLCAASE,0.0,999.9999999999999
2HIBUP_Stepp,0.0,1000.0
2HIBUP_Stex,-1000.0,0.0
2IMZS,0.0,0.0
2MBCOATA,8.785995503969804,8.785995503966827
2OBUTt2rpp,-913.8779466533883,1000.0000000000001
2OBUTtex,-913.8779466533623,1000.0
2OH_CBZ_GLC_GLCAASE,0.0,999.9999999999999
2OH_CBZ_GLCt2pp,0.0,999.9999999999999
2OH_CBZ_GLCtex,0.0,999.9999999999999
2OH_CBZtepp,0.0,1000.0
2OH_CBZtex,-1000.0,0.0
2OH_MTZ_GLC_GLCAASE,0.0,999.9999999999999
2OH_MTZ_GLCt2pp,0.0,999.9999999999999
2OH_MTZ_GLCtex,0.0,999.9999999999999
2OH_MTZtepp,0.0,1000.0
2OH_MTZtex,-1000.0,1.6995831777683178e-11
2OMMBOX,1.015450042843265,1.0154500428385198
2OMPHH,1.0154500428426276,1.01545004283852
2S6HCC,-1000.0,-7.60399577530038e-13
34DHPHEtex,0.0,0.0
3CARLPDH,0.0,0.0
3HACPR1,0.0,0.0
3HACPR2,0.0,0.0
3HAD100,32.02433511046407,32.02433511046156
3HAD10M12,8.785995503969822,8.785995503967555
3HAD11M12,8.78599550396984,8.785995503967484
3HAD120,32.024335110464065,32.024335110461784
3HAD12M14,8.785995503969822,8.785995503967701
3HAD13M14,8.785995503969838,8.785995503967483
3HAD140,0.0,-2.0547022658730178e-12
3HAD14M16,8.78599550396984,8.785995503969822
3HAD15M16,8.78599550396984,8.785995503969854
3HAD160,0.0,5.315799500585733e-12
3HAD180,0.0,-1.1664366640253226e-11
3HAD40,32.0243351104641,32.02433511046163
3HAD4M6,8.785995503969827,8.78599550396727
3HAD5M6,8.78599550396984,8.785995503967793
3HAD60,32.024335110464094,32.024335110461905
3HAD6M8,8.785995503969826,8.785995503967268
3HAD7M8,8.78599550396984,8.785995503967793
3HAD80,32.02433511046408,32.02433511046189
3HAD8M10,8.785995503969824,8.785995503967266
3HAD9M10,8.78599550396984,8.785995503967793
3HBCOAE,0.0,0.0
3HCINNMH,0.0,0.0
3HIBUPGLU_St2pp,0.0,999.9999999999998
3HIBUPGLU_Stex,0.0,999.9999999999999
3HIBUP_S_GLCAASE,0.0,999.9999999999999
3HIBUP_Stepp,0.0,1000.0
3HIBUP_Stex,-1000.0,0.0
3HPCOAHL,0.0,0.0
3HPPPNH,0.0,0.0
3MEACMPtepp,0.0,1000.0000000000001
3MEACMPtex,-1000.0000000000001,0.0
3MOBS,-941.8401649822083,0.0
3OAACPR1,0.0,0.0
3OAACPR2,0.0,0.0
3OAR100,32.02433511046407,32.02433511046156
3OAR10M11,0.0,0.0
3OAR10M12,8.785995503969767,8.785995503967495
3OAR11M12,8.78599550396984,8.785995503966994
3OAR120,32.024335110464065,32.02433511046128
3OAR12M13,0.0,0.0
3OAR12M14,8.785995503969765,8.785995503967502
3OAR13M14,8.785995503969838,8.785995503966914
3OAR140,25.61946808837126,25.619468088368908
3OAR14M15,0.0,0.0
3OAR14M16,8.785995503969763,8.785995503969763
3OAR15M16,8.78599550396984,8.785995503969824
3OAR160,0.0,-5.626023868105653e-12
3OAR180,0.0,-1.319435317806856e-11
3OAR40,32.024335110464094,32.024335110461166
3OAR4M5,0.0,0.0
3OAR4M6,8.785995503969774,8.785995503967163
3OAR5M6,8.78599550396984,8.78599550396699
3OAR60,32.02433511046409,32.02433511046131
3OAR6M7,0.0,0.0
3OAR6M8,8.78599550396977,8.78599550396758
3OAR7M8,8.78599550396984,8.785995503967447
3OAR80,32.02433511046408,32.02433511046137
3OAR8M10,8.785995503969767,8.785995503967579
3OAR8M9,0.0,0.0
3OAR9M10,8.78599550396984,8.785995503967378
3OAS100,32.02433511046407,32.024335110461706
3OAS10M11,0.0,0.0
3OAS10M12,8.785995503969763,8.785995503967756
3OAS11M12,8.785995503969838,8.785995503967376
3OAS120,32.024335110464065,32.0243351104617
3OAS12M13,0.0,0.0
3OAS12M14,8.785995503969763,8.785995503969808
3OAS13M14,8.785995503969838,8.785995503969813
3OAS140,25.61946808837126,25.619468088367935
3OAS160,0.0,-8.28177060605793e-12
3OAS180,0.0,-1.4267396430089264e-11
3OAS2M3,0.0,0.0
3OAS3M4,8.785995503969838,8.785995503966788
3OAS4M3O6,8.785995503969772,8.785995503967534
3OAS4M5,0.0,0.0
3OAS4M6,8.78599550396977,8.785995503967404
3OAS5M6,8.785995503969838,8.785995503967417
3OAS60,32.02433511046409,32.02433511046171
3OAS6M7,0.0,0.0
3OAS6M8,8.785995503969769,8.78599550396776
3OAS7M8,8.785995503969838,8.785995503967376
3OAS80,32.02433511046408,32.02433511046171
3OAS8M10,8.785995503969767,8.785995503967758
3OAS8M9,0.0,0.0
3OAS9M10,8.785995503969838,8.785995503967376
3OH_CBZ_GLC_GLCAASE,0.0,1000.0
3OH_CBZ_GLCt2pp,0.0,999.9999999999999
3OH_CBZ_GLCtex,0.0,999.9999999999999
3OH_CBZtepp,0.0,1000.0
3OH_CBZtex,-1000.0,0.0
3OH_DLOR_GLC_GLCAASE,0.0,999.9999999999999
3OH_DLOR_GLCt2pp,0.0,999.9999999999999
3OH_DLOR_GLCtex,0.0,999.9999999999999
3OH_DLORtepp,0.0,1000.0
3OH_DLORtex,-1000.0,0.0
3OH_MDEA_GLC_GLCAASE,0.0,999.9999999999999
3OH_MDEA_GLCt2pp,0.0,999.9999999999999
3OH_MDEA_GLCtex,0.0,999.9999999999999
3OH_MDEAtepp,0.0,1000.0
3OH_MDEAtex,-1000.0,0.0
3OH_MXN_GLC_GLCAASE,0.0,999.9999999999999
3OH_MXN_GLCt2pp,0.0,999.9999999999999
3OH_MXN_GLCtex,0.0,999.9999999999999
3OH_MXNtepp,0.0,1000.0
3OH_MXNtex,-1000.0,0.0
3OXCOAT,2.0650861461192716e-13,83.59693391006114
4ABUTtex,-1000.0,999.9999999999999
4ABZt2pp,3.0463501285334815,3.0463501285116785
4ABZtex,3.0463501285319388,3.0463501285119023
4DH_TPNO_1GLC_GLCAASE,0.0,999.9999999999999
4DH_TPNO_1GLCt2pp,0.0,999.9999999999999
4DH_TPNO_1GLCtex,0.0,999.9999999999999
4DH_TPNOtepp,0.0,1000.0
4DH_TPNOtex,-1000.0,-2.5980349290445754e-13
4HMDGLUC_GLCAASE,0.0,999.9999999999999
4HMDGLUCt2pp,0.0,999.9999999999999
4HMDGLUCtex,0.0,999.9999999999999
4HTHDR,0.23099163978118237,0.23099163977570927
4HTHDS,0.23099163978118237,0.23099163977339138
4HTHRS,0.0,0.0
4NTPPH2,0.0,0.0
4OHMDZtepp,0.0,1000.0
4OHMDZtex,-1000.0,0.0
4OH_DCF_GLC_GLCAASE,0.0,999.9999999999999
4OH_DCF_GLCt2pp,0.0,999.9999999999999
4OH_DCF_GLCtex,0.0,999.9999999999999
4OH_DCFtepp,0.0,1000.0
4OH_DCFtex,-1000.0,1.4683155226306783e-13
4OH_KP_GLC_GLCAASE,0.0,999.9999999999999
4OH_KP_GLCt2pp,0.0,999.9999999999999
4OH_KP_GLCtex,0.0,999.9999999999999
4OH_KPtepp,0.0,1000.0
4OH_KPtex,-1000.0,1.5888511119431693e-13
4OH_LEVOLE_GLC_GLCAASE,0.0,999.9999999999999
4OH_LEVOLE_GLCt2pp,0.0,999.9999999999999
4OH_LEVOLE_GLCtex,0.0,999.9999999999999
4OH_LEVOLEtepp,0.0,1000.0
4OH_LEVOLEtex,-1000.0,0.0
4OH_METH_GLC_GLCAASE,0.0,999.9999999999999
4OH_METH_GLCt2pp,0.0,999.9999999999999
4OH_METH_GLCtex,0.0,999.9999999999999
4OH_METHtepp,0.0,1000.0
4OH_METHtex,-1000.0,-1.9605503294659425e-13
4OH_PROPL_GLC_GLCAASE,0.0,999.9999999999999
4OH_PROPL_GLCt2pp,0.0,999.9999999999999
4OH_PROPL_GLCtex,0.0,999.9999999999999
4OH_PROPLtepp,0.0,1000.0
4OH_PROPLtex,-1000.0,0.0
4OH_TRZ_GLC_GLCAASE,0.0,999.9999999999999
4OH_TRZ_GLCt2pp,0.0,999.9999999999999
4OH_TRZ_GLCtex,0.0,999.9999999999999
4OH_TRZtepp,0.0,1000.0
4OH_TRZtex,-1000.0,0.0
4OH_VCZ_GLC_GLCAASE,0.0,999.9999999999999
4OH_VCZ_GLCt2pp,0.0,999.9999999999999
4OH_VCZ_GLCtex,0.0,999.9999999999999
4OH_VCZtepp,0.0,1000.0
4OH_VCZtex,-1000.0,0.0
5AIZCDC,0.0,-1.568170791951756e-11
5ASAppp,0.0,1000.0
5ASAtex,0.0,1000.0
5DGLCNR,-999.9999999999995,999.9999999999999
5DOAN,-1.3632891594920791e-27,-7.144021217326921e-12
5FURAtex,-1000.0000000000002,0.0
5FURAtpp,-1000.0,0.0
5GLUP5T1,0.0,0.0
5GLUP5T2,0.0,0.0
5MTHCYST,-15.531562724944981,0.0
5MTHFtex,4.7664718625816246e-12,0.0
5OHFVSGLU_GLCAASE,0.0,999.9999999999999
5OHFVSGLUt2pp,0.0,999.9999999999999
5OHFVSGLUtex,0.0,999.9999999999999
5OHFVStepp,0.0,1000.0
5OHFVStex,-1000.0,0.0
5OH_SULFP_GLC_GLCAASE,0.0,999.9999999999999
5OH_SULFP_GLCt2pp,0.0,999.9999999999999
5OH_SULFP_GLCtex,0.0,999.9999999999999
5OH_SULFPtepp,0.0,1000.0
5OH_SULFPtex,-1000.0,1.945670821615157e-13
6BHGLZGLC_GLCAASE,0.0,999.9999999999999
6BHGLZGLCt2pp,0.0,999.9999999999999
6BHGLZGLCtex,0.0,999.9999999999999
6BHGLZtepp,0.0,1000.0
6BHGLZtex,-1000.0,0.0
6OHFVSGLU_GLCAASE,0.0,999.9999999999999
6OHFVSGLUt2pp,0.0,999.9999999999999
6OHFVSGLUtex,0.0,999.9999999999999
6OHFVStepp,0.0,1000.0
6OHFVStex,-1000.0,0.0
6PHBG,0.0,0.0
6PHBG2,0.0,0.0
7AHSDH,-999.9999999999999,1000.0
7AHSDHepp,-1000.0,1000.0
7A_CZPtex,-999.999999999999,999.9999999999998
7BHGLZGLCt2pp,0.0,1000.0000000000001
7BHGLZGLCtex,0.0,999.9999999999999
7BHGLZ_GLCAASE,0.0,999.9999999999999
7BHGLZtepp,0.0,1000.0
7BHGLZtex,-1000.0,0.0
7DHCDCHOLtex,-999.9999999999958,1000.0
7OCHOLATEtex,-1000.0,1000.0
7OH_EFV_GLC_GLCAASE,0.0,999.9999999999999
7OH_EFV_GLCt2pp,0.0,999.9999999999999
7OH_EFV_GLCtex,0.0,999.9999999999999
7OH_EFVtepp,0.0,1000.0
7OH_EFVtex,-1000.0,4.701024175699532e-16
814DIOH_EFV_GLC_GLCAASE,0.0,999.9999999999999
814DIOH_EFV_GLCt2pp,0.0,999.9999999999999
814DIOH_EFV_GLCtex,0.0,999.9999999999999
814DIOH_EFVtepp,0.0,1000.0
814DIOH_EFVtex,-1000.0,0.0
8OH_EFV_GLC_GLCAASE,0.0,999.9999999999999
8OH_EFV_GLCt2pp,0.0,999.9999999999999
8OH_EFV_GLCtex,0.0,999.9999999999999
8OH_EFVtepp,0.0,1000.0
8OH_EFVtex,-1000.0,-7.792189283784865e-14
A5PISO,16.01210360759907,16.012103607598366
AACOAT,0.0,12.809734044158024
AB6PGH,0.0,941.8401649822019
AB6PGH2,0.0,941.8401649822088
ABTAr,-1000.0,1000.0
ABUTD,0.0,974.2496055278872
ABUTt2pp,0.0,1000.0
AC5ASAc,0.0,1000.0
AC5ASAppp,0.0,1000.0
AC5ASAtex,-1000.0,0.0
ACACCTr,0.0,12.809734044158837
ACACT1r,-1.8286910085385066e-12,0.0
ACACT2r,0.0,0.0
ACACT3r,0.0,0.0
ACACT4r,0.0,0.0
ACACT5r,0.0,0.0
ACACT6r,0.0,0.0
ACACT7r,0.0,0.0
ACALD,-1000.0,1000.0
ACALDtex,-1000.0,1000.0
ACALDtpp,-1000.0,1000.0
ACBIPGT,1.0154500428385214,1.015450042830724
ACCOACL,291.1730896883295,291.1730896883097
ACCOAL,0.0,-1.4201713150740739e-11
ACGAMT,0.0,-1.121029638658579e-12
ACGAMtex,0.0,-1.5570187165343762e-11
ACGAptspp,0.0,-1.4461995197787325e-11
ACGK,0.0,-1.4327138845700538e-11
ACGS,0.0,-1.3764341550083875e-11
ACHBPL,0.0,941.8401649822108
ACISNZDppp,-1000.0,1000.0
ACISNZDtex,-999.9999999999999,1000.0000000000005
ACKr,-1000.0000000000001,-987.1902659558469
ACLS_a,0.0,941.8401649821977
ACLS_b,-941.8401649821991,5.711396033600131e-13
ACMPGLU_GLCAASE,0.0,1000.0
ACMPGLUt2pp,0.0,999.9999999999999
ACMPGLUtex,0.0,999.9999999999999
ACMP_GLC_GLCAASE,0.0,1000.0
ACMP_GLCt2pp,0.0,1000.0000000000001
ACMP_GLCtex,0.0,1000.0
ACMPtepp,0.0,1000.0
ACMPtex,-1000.0000000000001,1.2740280975109497e-28
ACNAMabcpp,0.0,-1.4750791603127785e-11
ACNAMtex,0.0,-1.3758733098877886e-11
ACNML,0.0,-1.3758822312825954e-11
ACOAAGPAT140,0.0,-9.173580920575912e-12
ACOAAGPAT160,0.0,-9.912311812798253e-12
ACOAAGPAT180,0.0,4.392997751984909
ACOAAGPATAI15,0.0,0.0
ACOAAGPATAI17,4.392997751984921,4.392997751984908
ACOAAGPATI14,0.0,0.0
ACOAAGPATI15,0.0,0.0
ACOAAGPATI16,0.0,0.0
ACOAAGPATI17,4.392997751984921,4.392997751984908
ACOAD1,0.0,0.0
ACOAD20,0.0,472.4432575553647
ACOADH2,0.0,0.0
ACOATA,32.0243351104641,32.02433511046266
ACODAr,0.0,-7.209481634642158e-12
ACONTa,5.269507775942241e-13,1000.0000000000001
ACONTb,0.0,1000.0
ACOTA,1.6414584510100843e-11,0.0
ACPS1,1.0154500428385216,1.0154500428343383
ACPpds,0.0,-5.356190799954017e-12
ACS,0.0,12.809734044163038
ACS2,0.0,-1.054886376377387e-11
ACYP,0.0,-1.0471326388930403e-11
ACYP_2,0.0,-1.2683337204580234e-11
AC_AMN_B_GLY_GLC_GLCAASE,0.0,1000.0
AC_AMN_B_GLY_GLCt2pp,0.0,999.9999999999999
AC_AMN_B_GLY_GLCtex,0.0,999.9999999999999
AC_AMN_B_GLYtepp,0.0,1000.0
AC_AMN_B_GLYtex,-1000.0,7.129867779288552e-13
ACtex,-1000.0,-1000.0000000000069
ACtrpp,-1000.0,-1000.0000000000055
ADA,0.0,999.9999999999924
ADCL,0.0,-6.701544410262436e-12
ADCPS1,0.0,-2.782873608220744e-12
ADCPS2,0.0,0.0
ADCS,0.0,-8.292994300478481e-12
ADD,0.0,1000.0
ADK1,-1000.0,1000.0
ADK10,-1000.0,995.0860080927565
ADK11,-1000.0,1000.0
ADK2,-11.18846970572151,1.015450042836617
ADK3,-1000.0,990.5150568677678
ADK5,-1000.0,956.8032588291976
ADK7,-1000.0,1000.0
ADK8,-1000.0,1000.0
ADK9,-1000.0,1000.0
ADMDC,0.0,-5.580945563848227e-12
ADNCNT3tcpp,-1000.0000000000002,1000.0000000000007
ADNCYC,0.0,-3.338986476972754e-12
ADNUC,0.0,-5.3954730158759195e-12
ADNtex,-1000.0,1000.0
ADOCBIK,0.0,1.0154500428385205
ADOCBIK2,0.0,1.0154500428385187
ADOCBLS,1.0154500428385211,1.015450042838519
ADOCBLabcpp,0.0,12.20391974855276
ADOCBLtex,3.540386909716696e-12,12.203919748558977
ADPRDP,0.0,0.0
ADPT,0.0,12.203919748557732
ADSK,0.0,-2.2215161675449433e-12
ADSL1r,2.3951351735019796e-14,-7.043041525264141e-12
ADSL2r,0.0,-8.741667225298405e-13
ADSS,0.0,-5.973689896738548e-12
AGDC,0.0,-2.6284934751876676e-12
AGMHE,12.809478253653783,12.80947825365377
AGMT,0.0,470.92008249110603
AGPAT120,0.0,-1.266924407252859e-12
AGPAT140,0.0,-3.892269036439099e-12
AGPAT141,0.0,-1.3898644017617941e-12
AGPAT160,0.0,-4.690054591027419e-12
AGPAT161,0.0,-1.0964189238655822e-12
AGPAT180,0.0,4.392997751984915
AGPAT181,0.0,0.0
AGPR,6.748892448914276e-12,0.0
AHCYSNS_r,0.0,-6.3071179682246055e-12
AHMMPS,0.0,-1.8110077789228343e-12
AICART,0.0,-2.5334910326497672e-12
AIHPDCOATA,8.78599550396984,8.78599550396983
AIPDCOATA,0.0,0.0
AIRC4,0.0,-9.927179760637545e-12
AKGS,0.0,-6.234300620802971e-12
AKGt2rpp,-999.9999999999997,999.9999999999994
AKGtex,-1000.0,1000.0
AKP1,0.0,-3.663673884316812e-12
ALAALA,0.23099163978118234,0.2309916397811822
ALAASP1c,0.0,-2.1571089855821423e-11
ALAASPabcpp,0.0,-7.269774094488169e-12
ALAASPtex,0.0,-7.26977409448817e-12
ALACI,-1000.0,1000.0
ALAGLN1c,0.0,-4.908345000445631e-12
ALAGLNabcpp,0.0,-6.053303173440143e-12
ALAGLNtex,0.0,-6.053303173440143e-12
ALAGLU1c,0.0,-6.116317755585846e-12
ALAGLUabcpp,0.0,-4.167688120811541e-12
ALAGLUtex,0.0,-4.167688120811542e-12
ALAGLY1c,0.0,-4.159980278089826e-12
ALAGLYabcpp,0.0,-4.167688120811539e-12
ALAGLYtex,0.0,-4.167688120811539e-12
ALAHIS1c,0.0,-4.2860094423812254e-12
ALAHISabcpp,0.0,-4.167688120811538e-12
ALAHIStex,0.0,-4.167688120811538e-12
ALALEU1c,0.0,-4.249311081392636e-12
ALALEUabcpp,0.0,-4.167688120811538e-12
ALALEUtex,0.0,-4.167688120811538e-12
ALAPAT4tepp,-1000.0,1000.0000000000008
ALAR,-999.5380167204371,1000.0
ALATA_L,-1000.0,1000.0
ALATHR1c,0.0,-4.705704865074882e-12
ALATHRabcpp,0.0,-4.3075326384087074e-12
ALATHRtex,0.0,-4.307532638408708e-12
ALA_Dtex,-999.5380167204371,1000.0
ALA_Ltex,-1000.0,1000.0
ALAt2pp,0.0,1000.0
ALCD19,9.503109940568391e-12,941.8401649822143
ALCD2x,-999.9999999999999,999.9999999999998
ALKP,0.0,0.0
ALKP_R788epp,0.0,-2.0854557511378162e-11
ALLTNt2rpp,0.0,0.0
ALLTNtex,0.0,0.0
ALPHNH,0.0,0.0
ALPZ_4OH_GLC_GLCAASE,0.0,1000.0
ALPZ_4OH_GLCt2pp,0.0,999.9999999999999
ALPZ_4OH_GLCtex,0.0,999.9999999999999
ALPZ_4OHtepp,0.0,1000.0
ALPZ_4OHtex,-1000.0,0.0
ALPZ_AOH_GLC_GLCAASE,0.0,999.9999999999999
ALPZ_AOH_GLCt2pp,0.0,999.9999999999999
ALPZ_AOH_GLCtex,0.0,999.9999999999999
ALPZ_AOHtepp,0.0,1000.0
ALPZ_AOHtex,-1000.0,0.0
ALTRH,0.0,999.9999999999951
AM14_GLC_GLCAASE,0.0,999.9999999999999
AM14_GLCt2pp,0.0,999.9999999999999
AM14_GLCtex,0.0,999.9999999999999
AM14tepp,0.0,1000.0
AM14tex,-1000.0,-2.899487576443399e-12
AM1CCStepp,0.0,1000.0
AM1CCStex,-1000.0,0.0
AM1CGLC_GLCAASE,0.0,999.9999999999999
AM1CGLCt2pp,0.0,999.9999999999999
AM1CGLCtex,0.0,999.9999999999999
AM5_GLC_GLCAASE,0.0,999.9999999999999
AM5_GLCt2pp,0.0,999.9999999999999
AM5_GLCtex,0.0,999.9999999999999
AM5tepp,0.0,1000.0
AM5tex,-1000.0,0.0
AM6_GLC_GLCAASE,0.0,999.9999999999999
AM6_GLCt2pp,0.0,999.9999999999999
AM6_GLCtex,0.0,999.9999999999999
AM6tepp,0.0,1000.0
AM6tex,-1000.0,0.0
AMALT1,0.0,0.0
AMALT2,0.0,1000.0
AMALT3,0.0,999.9999999999982
AMALT4,0.0,999.9999999999955
AMANAPEr,0.0,-3.3729964213750294e-12
AMANK,0.0,-4.028401762797118e-12
AMAOTr,0.0,-1.588778418530474e-12
AMID,0.0,0.0
AMID2,0.0,0.0
AMID4,0.0,0.0
AMID5,0.0,0.0
AMIO_C_GLC_GLCAASE,0.0,999.9999999999999
AMIO_C_GLCt2pp,0.0,999.9999999999999
AMIO_C_GLCtex,0.0,999.9999999999999
AMIO_Ctepp,0.0,1000.0
AMIO_Ctex,-1000.0,0.0
AMIO_GLC_GLCAASE,0.0,999.9999999999999
AMIO_GLCt2pp,0.0,999.9999999999999
AMIO_GLCtex,0.0,999.9999999999999
AMIOtepp,0.0,1000.0
AMIOtex,-1000.0,0.0
AMMQLT8,0.0,998.9845499571627
AMMQT72,0.0,0.0
AMMQT8r,-1000.0,-1.0154500428443498
AMNTD_M6_GLC_GLCAASE,0.0,1000.0
AMNTD_M6_GLCt2pp,0.0,999.9999999999999
AMNTD_M6_GLCtex,0.0,999.9999999999999
AMNTD_M6tepp,0.0,1000.0
AMNTD_M6tex,-1000.0,0.0
AMN_B_GLY_GLC_GLCAASE,0.0,1000.0
AMN_B_GLY_GLCt2pp,0.0,999.9999999999999
AMN_B_GLY_GLCtex,0.0,999.9999999999999
AMN_B_GLYtepp,0.0,1000.0
AMN_B_GLYtex,-1000.0,0.0
AMOPBHL,1.015450042844839,1.0154500428385194
AMPMS2,0.0,-4.683688195338394e-12
AMPMS3,0.0,0.0
AMPN,0.0,-5.351370172742885e-12
AMPTASECG,0.0,24.84660978592956
AMPTASEGC,0.0,24.84660978592619
ANPRT,0.0,-3.3002359053210228e-12
ANS,0.0,-2.86547672637457e-12
ANS2,0.0,-2.773536296651322e-12
ANZPtex,-1000.0,1000.0000000000023
AOXSr,0.0,7.674635688358445e-13
AP4AH,0.0,0.0
APRAUR,0.0,4.1849538013806013e-14
APTNAT,0.0,2.9394718258757274e-12
ARAB_Ltex,0.0,9.60376694727914e-13
ARAI,0.0,7.977883744762718e-13
ARBTptspp,0.0,941.8401649822172
ARBTtex,0.0,941.8401649822254
ARBabcpp,0.0,4.680719037009899e-13
ARGDC,0.0,470.92008249110916
ARGSL,0.0,-2.9195649329507318e-12
ARGSS,0.0,-2.29336484474892e-12
ARG_Ltex,24.734944429262445,495.6550269203655
ASAD,-0.230991639775424,-0.2309916397811824
ASNS1,0.0,-5.359423297376332e-12
ASNS2,0.0,-3.891770645634532e-12
ASN_Ltex,18.97070479417686,1000.0
ASNt2rpp,18.970704794178854,1000.0000000000002
ASO3tex,0.0,0.0
ASO3tpp,0.0,0.0
ASO4tex,0.0,0.0
ASO4tpp,0.0,0.0
ASP1DC,0.0,-3.551560083805147e-12
ASPCT,0.0,-4.964660314465684e-12
ASPKi,0.2309916397811823,0.23099163977664766
ASPO1,0.0,1000.0
ASPO5,0.0,1.0154500428332878
ASPO6,0.0,1.0154500428318671
ASPT,0.0,1000.0
ASPTA,-1000.0,1000.0
ASP_Ltex,0.0,1000.0
ASPabcpp,0.0,-3.2828476482027903e-12
ASPt2_2ipp,0.0,1000.0
ASPt2_3pp,0.0,1000.0
AST,0.0,-1.8543486629950343e-11
ATPPRT,0.0,-1.810368776980178e-12
ATPS4pp,999.9999999999933,1000.0
ATVACIDtepp,0.0,999.49227497858
ATVACIDtex,-999.4922749785788,-1.2692029349084094e-12
ATVACYLGLUC_GLCAASE,0.0,1000.0
ATVACYLGLUCt2pp,0.0,1000.0000000000001
ATVACYLGLUCtex,0.0,1000.0
ATVETHGLUC_GLCAASE,0.0,999.4922749785766
ATVETHGLUCt2pp,0.0,999.49227497858
ATVETHGLUCtex,0.0,999.4922749785799
ATVLACGLUC_GLCAASE,0.0,999.9999999999999
ATVLACGLUCt2pp,0.0,999.9999999999999
ATVLACGLUCtex,0.0,999.9999999999999
ATVLACtepp,0.0,1000.0
ATVLACtex,-1000.0,0.0
BBTCOAOX,0.0,0.0
BETALDHx,0.0,999.9999999999995
BETALDHy,0.0,1000.0
BGLA1,0.0,0.0
BGLAr,0.0,0.0
BHPM_GLC_GLCAASE,0.0,999.9999999999999
BHPM_GLCt2pp,0.0,999.9999999999999
BHPM_GLCtex,0.0,1000.0
BHPMtepp,0.0,1000.0
BHPMtex,-1000.0,0.0
BIACt1pp,-1000.0,1000.0
BIACt2pp,0.0,0.0
BIACt4pp,-999.9999999999997,1000.0
BILR_355tepp,0.0,1000.0
BILR_355tex,-1000.0,0.0
BILR_M10_GLCAASE,0.0,999.9999999999999
BILR_M10t2pp,0.0,999.9999999999999
BILR_M10tex,0.0,999.9999999999999
BILR_M12_GLCAASE,0.0,1000.0000000000014
BILR_M12t2pp,0.0,999.9999999999999
BILR_M12tex,0.0,999.9999999999999
BILR_M14tepp,0.0,1000.0
BILR_M14tex,-1000.0,0.0
BILR_M15_GLCAASE,0.0,999.9999999999999
BILR_M15t2pp,0.0,999.9999999999999
BILR_M15tex,0.0,999.9999999999999
BILR_M16_GLCAASE,0.0,999.9999999999999
BILR_M16t2pp,0.0,999.9999999999999
BILR_M16tex,0.0,999.9999999999999
BILR_M7tepp,0.0,1000.0
BILR_M7tex,-1000.0,0.0
BPNT,1.0154500428385211,1.0154500428290607
BSN_GLC_GLCAASE,0.0,1000.0
BSN_GLCt2pp,0.0,999.9999999999999
BSN_GLCtex,0.0,999.9999999999999
BSNtepp,0.0,1000.0
BSNtex,-1000.0,0.0
BSORx,0.0,0.0
BSORy,0.0,0.0
BTNCLi,291.1730896883295,291.17308968831196
BTNT5rpp,9.523406581733702e-12,1000.0
BTNtex,8.030446224025971e-12,1000.0
BTS4,0.0,-7.596018899823852e-12
BUTCTr,0.0,0.0
BUTSO3abcpp,0.0,-1.4055537283924701e-11
BUTSO3tex,0.0,-1.3801228476701266e-11
BZAMAH,0.0,1000.0
BZAMt2rpp,0.0,999.9999999999999
BZAMtex,0.0,999.9999999999999
BZ_GLC_GLCAASE,0.0,999.9999999999999
BZ_GLCt2pp,0.0,1000.0000000000001
BZ_GLCtex,0.0,1000.0
BZtepp,0.0,1000.0
BZtex,-1000.0,0.0
C02528tex,-1000.0,1000.0
CA2tex,1.0154500428385214,1.015450042838519
CADVtpp,-958.6003024211369,941.8401649822158
CAP_NRepp,-1000.0,1000.0000000000001
CARIBUPGLU_St2pp,0.0,1000.0000000000001
CARIBUPGLU_Stex,0.0,999.9999999999999
CARIBUP_S_GLCAASE,0.0,999.9999999999999
CARIBUP_Stepp,0.0,1000.0
CARIBUP_Stex,-1000.0,0.0
CAt4ipp,1.0154500428385214,1.015450042838519
CBIAT,1.0154500428385214,1.0154500428385147
CBL1abcpp,0.0,-3.8103949381995995e-11
CBL1tex,-12.203919748553567,-5.204417959276756e-12
CBL2abcpp,0.0,-1.2731414009739161e-11
CBL2tex,0.0,-1.2552719142958437e-11
CBLAT,-12.203919748553556,-6.307313337724779e-12
CBLTDepp,0.0,-1.371549904137081e-11
CBMK,1.5934523902744218e-11,-1.1560705025731957e-11
CBMTHL,0.0,1000.0
CBMTHL2,0.0,941.840164982213
CBPS,0.0,-1.5243417351974526e-11
CBZ_GLC_GLCAASE,0.0,999.9999999999999
CBZ_GLCt2pp,0.0,999.9999999999999
CBZ_GLCtex,0.0,999.9999999999999
CBZtepp,0.0,1000.0
CBZtex,-1000.0,0.0
CBl1tepp,1.4212808719441208e-11,12.203919748554963
CCOuqpp,0.0,1000.0
CD2abc1pp,0.0,0.0
CD2tex,1.4870634422333625e-11,0.0
CD6168_GLC_GLCAASE,0.0,999.9999999999999
CD6168_GLCt2pp,0.0,999.9999999999999
CD6168_GLCtex,0.0,999.9999999999999
CD6168tepp,0.0,1000.0
CD6168tex,-1000.0,0.0
CDAPPA120,0.0,-3.142854738921025e-11
CDAPPA140,0.0,-3.364931704422851e-11
CDAPPA141,0.0,-2.8483727456501946e-11
CDAPPA160,0.0,-3.364931704422851e-11
CDAPPA161,0.0,-3.260814157161136e-11
CDAPPA180,0.0,-1.6879942175527567e-11
CDAPPA181,0.0,-1.5361488463813e-11
CDCA7aHSDHepp,-1000.0,1000.0000000000005
CDOSKT,6.404867022092814,6.404867022092404
CDPMEK,10.66450838030118,10.664508380291743
CGLYabcpp,1.0154500428468636,25.862059828764398
CGLYtex,1.0154500428470161,25.86205982876345
CHCOAL,0.0,-3.1243681405513587e-12
CHLPHNCL_GLC_GLCAASE,0.0,1000.0
CHLPHNCL_GLCt2pp,0.0,1000.0000000000001
CHLPHNCL_GLCtex,0.0,1000.0
CHLPHNCLtepp,0.0,1000.0
CHLPHNCLtex,-1000.0,1000.000000000001
CHLt2rpp,0.0,999.9999999999999
CHOLATEtex,-999.9999999999998,999.9999999999995
CHOLD,0.0,1000.0
CHOLtex,0.0,999.9999999999999
CHORM,0.0,-1.702629458220421e-11
CHORS,1.0154500428385218,1.0154500428229705
CHRPL,1.0154500428385216,1.015450042838519
CINNDO,0.0,0.0
CITL,0.0,-1.4853449416292272e-11
CITt7pp,-1000.0000000000002,999.9999999999995
CITtex,-1000.0,1000.0
CLCXB_C_GLC_GLCAASE,0.0,1000.0
CLCXB_C_GLCt2pp,0.0,999.9999999999999
CLCXB_C_GLCtex,0.0,999.9999999999999
CLCXB_Ctepp,0.0,1000.0
CLCXB_Ctex,-1000.0,0.0
CLCXB_GLC_GLCAASE,0.0,1000.0
CLCXB_GLCt2pp,0.0,999.9999999999999
CLCXB_GLCtex,0.0,999.9999999999999
CLCXBtepp,0.0,1000.0
CLCXBtex,-1000.0,0.0
CLOBI_Ctepp,0.0,1000.0
CLOBI_Ctex,-1000.0,0.0
CLOBI_GLC_GLCAASE,0.0,999.9999999999999
CLOBI_GLCt2pp,0.0,999.9999999999999
CLOBI_GLCtex,0.0,999.9999999999999
CLPNS140,0.0,0.0
CLPNS160,0.0,0.0
CLPNS180,1.0982494379962302,1.098249437996227
CLPNSAI15,0.0,0.0
CLPNSAI17,1.0982494379962302,1.0982494379962264
CLPNSI14,0.0,0.0
CLPNSI15,0.0,0.0
CLPNSI16,0.0,0.0
CLPNSI17,1.0982494379962302,1.0982494379962264
CLtex,1.0154500428385214,1.015450042838518
CO2tex,-1000.0,-58.159835017788055
CO2tpp,-1000.0,-58.159835017791316
COBALT2tex,1.0154500428385214,1.015450042838519
COBALTt5pp,-1.0154500428385183,-1.0154500428385216
CPC4MT,0.0,0.0
CPC5MT,0.0,0.0
CPPPGO,0.0,-1.7016129310803364e-12
CPPPGO2,0.0,-3.5432518313004143e-12
CRNCBCT,0.0,0.0
CRNCDH,0.0,0.0
CRNt7pp,0.0,0.0
CRNtex,0.0,0.0
CRVSM1tepp,0.0,1000.0
CRVSM1tex,-1000.0,0.0
CRVSM23tepp,0.0,1000.0
CRVSM23tex,-1000.0,0.0
CSND,0.0,1000.0
CSNt2pp,0.0,1000.0000000000001
CSNtex,0.0,1000.0
CTBTtex,0.0,0.0
CTBTtpp,0.0,0.0
CTPS1,0.0,-1.4145310918811406e-11
CTPS2,0.0,-1.2966154754047254e-11
CU2tex,1.0154500428385216,1.0154500428385191
CVM1GLUC_GLCAASE,-2.054848319364953e-13,1000.0
CVM1GLUCt2pp,0.0,999.9999999999999
CVM1GLUCtex,0.0,999.9999999999999
CVM23GLUC_GLCAASE,0.0,999.9999999999999
CVM23GLUCt2pp,0.0,999.9999999999999
CVM23GLUCtex,0.0,999.9999999999999
CYNTCNL,-1000.0,708.8269103116702
CYNTt2pp,0.0,941.8401649821989
CYNTtex,0.0,941.8401649822081
CYOmqpp,0.0,1000.0
CYRDAAT,0.0,-1.5099160472562783e-11
CYRDAR,0.0,0.0
CYSDS,0.0,-1.692117582703901e-11
CYSS,0.0,-1.322915628941156e-11
CYSS3r,0.0,-1.329658099989069e-11
CYSTL,0.0,999.8707426494904
CYSTS,0.0,984.3391799245387
CYTBD2pp,0.0,1000.0
CYTBDpp,0.0,1000.0
CYTD,0.0,996.6588640730461
CYTDK1,0.0,10.387909288678577
CYTDK2,0.0,10.387909288680294
CYTDK3,0.0,10.387909288679793
CYTDK4,0.0,10.387909288681223
CYTDt2pp,0.0,1000.0
CYTDt4pp,0.0,999.9999999999997
CYTDtex,3.3411359269582,1000.0
CYTK1,43.19674117080583,52.27441461821098
CYTK2,-1.7116223438177143,1.7253071372716193
CZP_NRepp,-1000.0,1000.0
CZPtex,-999.9999999999999,999.9999999999999
Cuabcpp,1.0154500428385216,1.015450042832582
Cut1pp,0.0,-6.189531742016394e-12
DAAD,0.0,999.9999999999999
DAA_GLC_GLCAASE,0.0,1000.0
DAA_GLCt2pp,0.0,999.9999999999999
DAA_GLCtex,0.0,999.9999999999999
DAAtepp,0.0,1000.0
DAAtex,-1000.0,0.0
DADA,0.0,999.9999999999932
DADNt2rpp,-1000.0000000000001,999.9999999999999
DAD_2tex,-1000.0,1000.0
DAGK120,0.0,0.0
DAGK140,0.0,0.0
DAGK141,0.0,0.0
DAGK160,0.0,0.0
DAGK161,0.0,0.0
DAGK180,0.0,0.0
DAGK181,0.0,0.0
DALAt2rpp,-999.538016720438,1000.0000000000001
DAPAT,0.0,-1.2609796618230865e-11
DAPDA,0.0,0.0
DAPDC,0.0,-5.557192102463778e-12
DAPE,0.23099163978118234,0.2309916397755405
DAPMDH,0.0,0.0
DASYN120,0.0,-1.1500281113535211e-11
DASYN140,0.0,-8.790100892714674e-12
DASYN141,0.0,-8.559752336825926e-12
DASYN160,0.0,-8.421543203292676e-12
DASYN161,0.0,-8.347831665408275e-12
DASYN180,4.39299775198492,4.392997751976572
DASYN181,0.0,-1.1366455999070677e-11
DASYNAI15,0.0,-7.171316096976128e-12
DASYNAI17,4.392997751984921,4.392997751984913
DASYNI14,0.0,0.0
DASYNI15,0.0,0.0
DASYNI16,0.0,0.0
DASYNI17,4.392997751984921,4.392997751984907
DB4PS,0.0,-1.9182595477322192e-11
DBTS,0.0,-2.2569737697528593e-12
DCF_GLC_GLCAASE,0.0,999.9999999999999
DCF_GLCt2pp,0.0,999.9999999999999
DCF_GLCtex,0.0,999.9999999999999
DCFtepp,0.0,1000.0
DCFtex,-1000.0,-4.6739373076346404e-14
DCMPDA,-1.7253071372726114,1.711622343818344
DCTPD,0.0,-7.22791978743561e-12
DCTPD2,0.0,3.6098438806379956
DCYTD,0.0,999.9999999999903
DCYTt2rpp,1.736556703899122e-11,1000.0000000000001
DCYTtex,1.0865810277296834e-11,1000.0
DDEA_GLC_GLCAASE,0.0,1000.0
DDEA_GLCt2pp,0.0,999.9999999999999
DDEA_GLCtex,0.0,999.9999999999999
DDEAtepp,0.0,1000.0
DDEAtex,-1000.0,8.534623948837236e-13
DDGLCNt2rpp,-999.9999999999995,-1.3163508178858479e-11
DDGLK,0.0,-1.5356164417297108e-11
DDPA,1.0154500428385218,1.0154500428273845
DDPGA,0.0,0.0
DES_ASTZL_GLC_GLCAASE,0.0,1000.0
DES_ASTZL_GLCt2pp,0.0,999.9999999999999
DES_ASTZL_GLCtex,0.0,999.9999999999999
DES_ASTZLtepp,0.0,1000.0
DES_ASTZLtex,-1000.0,7.038186908428595e-14
DFDCYTDDepp,0.0,1000.0
DFDCYTDtex,0.0,1000.0000000000001
DFDURItex,-1000.0000000000001,0.0
DGK1,1.3831773338352775e-11,0.0
DGSNt2pp,0.0,1000.0000000000001
DGSNtex,0.0,1000.0
DHAD1,0.0,941.8401649822141
DHAD2,0.0,941.8401649822089
DHBD,0.0,0.0
DHBS,0.0,0.0
DHCIND,0.0,0.0
DHCINNMt2rpp,0.0,0.0
DHCINNMtex,0.0,0.0
DHFOR2,0.0,-4.300508039514904e-12
DHFR,3.0463501285155647,4.757972472333223
DHFS,3.0463501285155647,3.0463501285106678
DHNAOT,0.0,-1.2500597017937442e-12
DHNAOT4,0.0,-1.3274356832863518e-12
DHNAOT7,0.0,0.0
DHNAS,0.0,-1.1685001154335585e-12
DHNPA,3.046350128515565,3.0463501285113592
DHORD2,0.0,-1.5092886722118062e-11
DHORD5,0.0,-1.3510627699824582e-11
DHORTS,1.5842622495124558e-11,-2.031055617631802e-14
DHPPD,0.0,997.9690999143143
DHPPDA,0.0,-5.605578144342806e-12
DHPPDA2,0.0,0.0
DHPPPNt2rpp,-997.9690999143154,-1.7598435724807314e-13
DHPPPNtex,-997.969099914315,0.0
DHPR,0.0,0.0
DHPS,3.0463501285137355,3.0463501285161723
DHQS,1.0154500428385216,1.0154500428254956
DHQTi,1.0154500428385216,1.01545004282636
DIGOXIN_GLC_GLCAASE,0.0,999.9999999999999
DIGOXIN_GLCt2pp,0.0,1000.0000000000001
DIGOXIN_GLCtex,0.0,1000.0
DIGOXINtepp,0.0,1000.0000000000001
DIGOXINtex,-1000.0,-1.468322399799842e-13
DINSt2pp,0.0,1000.0000000000001
DINtex,0.0,1000.0
DLB_GLC_GLCAASE,0.0,1000.0000000000014
DLB_GLCt2pp,0.0,999.9999999999999
DLB_GLCtex,0.0,999.9999999999999
DLBtepp,0.0,1000.0
DLBtex,-1000.0,0.0
DMATT,1.2464416826197044,1.2464416826184777
DMAt2rpp,0.0,0.0
DMAtex,0.0,0.0
DMPPS,0.0,1000.0
DMPPS2r,-1000.0,10.664508380285808
DMQMT,0.0,-4.825961457615548e-12
DMQMT2,1.0154500428419413,1.015450042838516
DMSOR1,0.0,0.0
DMSOR2,0.0,0.0
DMSORdmqpp,0.0,1000.0
DMSORmqpp,0.0,1000.0
DMSOtex,0.0,1000.0
DMStex,-1000.0,0.0
DM_4HBA,0.0,-2.9751770177581276e-12
DM_5DRIB,0.0,-8.236327832833969e-12
DM_5MTR,0.0,-6.542239394986355e-12
DM_AMOB,0.0,-3.2345535373576294e-12
DM_GCALD,3.046350128515565,3.046350128499711
DM_HQN,4.680719037009898e-13,941.8401649822034
DM_NA1,0.0,1000.0000000000001
DM_atp_c_,0.0,-1.571427369460509e-11
DM_btn,0.0,1000.0
DM_dad_5,0.0,-2.503836515884723e-12
DM_dhptd(c),0.0,-8.199600938873135e-12
DM_glyb_c_,0.0,1000.0
DM_kdo2lipid4L(c),0.0,-4.5377900385975716e-13
DM_this[c],0.0,0.0
DNMPPA,3.046350128529405,3.0463501285117776
DNPZ_5DEStepp,0.0,1000.0
DNPZ_5DEStex,-1000.0000000000001,-1.468322399799842e-13
DNPZ_6DEStepp,0.0,1000.0
DNPZ_6DEStex,-1000.0,-1.468322399799842e-13
DNPZ_M11_GLCAASE,0.0,999.9999999999999
DNPZ_M11t2pp,0.0,1000.0000000000001
DNPZ_M11tex,0.0,1000.0
DNPZ_M12_GLCAASE,1.468322399799842e-13,999.9999999999999
DNPZ_M12t2pp,0.0,999.9999999999999
DNPZ_M12tex,0.0,999.9999999999999
DNPZ_M13_GLCAASE,0.0,1000.0
DNPZ_M13t2pp,0.0,999.9999999999999
DNPZ_M13tex,0.0,999.9999999999999
DNPZ_M14_GLCAASE,0.0,1000.0
DNPZ_M14t2pp,0.0,1000.0000000000001
DNPZ_M14tex,0.0,1000.0
DNPZ_M9tepp,0.0,1000.0
DNPZ_M9tex,-1000.0,0.0
DNTPPA,3.04635012852701,3.0463501285105816
DOH_ETR_GLC_GLCAASE,0.0,999.9999999999999
DOH_ETR_GLCt2pp,0.0,999.9999999999999
DOH_ETR_GLCtex,0.0,999.9999999999999
DOH_ETRtepp,0.0,1000.0
DOH_ETRtex,-1000.0,0.0
DOH_VCZ_GLC_GLCAASE,0.0,999.9999999999999
DOH_VCZ_GLCt2pp,0.0,999.9999999999999
DOH_VCZ_GLCtex,0.0,999.9999999999999
DOH_VCZtepp,0.0,1000.0
DOH_VCZtex,-1000.0,0.0
DOPA34DHPHEtpp,0.0,0.0
DOPAtex,0.0,0.0
DPCOAK,2.030900085676764,2.030900085669371
DPR,0.0,-1.5767666558242325e-11
DRBK,0.0,-7.757377396892821e-12
DRIBabcpp,0.0,-6.9721030489402785e-12
DRIBtex,0.0,-6.972103048940279e-12
DRPAr,-1000.0,1000.0
DSERt2rpp,0.0,1000.0000000000001
DTMPK,1.7116223438301115,1.7116223438301077
DURIK1,0.0,3.4369294810868283
DURIPP,-3.436929481101971,1000.0
DURIt2pp,0.0,1000.0000000000005
DURItex,0.0,1000.0
DUTPDP,0.0,-1.4473937911152546e-11
DXO_GLC_GLCAASE,0.0,999.9999999999999
DXO_GLCt2pp,0.0,999.9999999999999
DXO_GLCtex,0.0,999.9999999999999
DXOtepp,0.0,1000.0
DXOtex,-1000.0,0.0
DXPRIr,10.664508380301056,10.66450838028939
DXPS,11.679958423144885,11.679958423130989
DXYTST,0.0,0.0
D_LACD,0.0,1000.0
D_LACt2pp,-1000.0000000000001,1000.0000000000008
E4PD,1.0154500428433242,1.0154500428385198
EACPR1,0.0,0.0
EACPR2,0.0,0.0
EAR100x,32.02433511046407,32.024335110459994
EAR10M11x,0.0,0.0
EAR10M12x,8.785995503969758,8.785995503967417
EAR11M12x,8.78599550396984,8.78599550396702
EAR120x,32.024335110464065,32.02433511046121
EAR12M13x,0.0,0.0
EAR12M14x,8.785995503969758,8.785995503967746
EAR13M14x,8.785995503969838,8.785995503967047
EAR140x,0.0,-2.572780533231302e-12
EAR14M15x,0.0,0.0
EAR14M16x,8.78599550396984,8.78599550396982
EAR15M16x,8.78599550396984,8.785995503969813
EAR160x,0.0,-8.637299495686276e-12
EAR180x,0.0,-1.1644401850258627e-11
EAR40x,32.024335110464094,32.02433511046154
EAR4M5x,0.0,0.0
EAR4M6x,8.785995503969765,8.785995503967385
EAR5M6x,8.78599550396984,8.785995503967102
EAR60x,32.02433511046409,32.024335110461365
EAR6M7x,0.0,0.0
EAR6M8x,8.785995503969762,8.785995503967303
EAR7M8x,8.78599550396984,8.785995503966978
EAR80x,32.02433511046408,32.02433511046132
EAR8M10x,8.785995503969762,8.785995503967303
EAR8M9x,0.0,0.0
EAR9M10x,8.78599550396984,8.785995503966996
ECOAH1,9.527346254114496e-12,0.0
ECOAH12,0.0,0.0
ECOAH3,0.0,0.0
ECOAH4,0.0,0.0
ECOAH5,0.0,0.0
ECOAH6,0.0,0.0
ECOAH7,0.0,0.0
ECOAH9,0.0,944.8865151107246
EDA,0.0,1000.0
EDD,0.0,1000.0
EDTXS1,6.404867022092814,6.4048670220924135
EDTXS2,3.2023695634134457,3.2023695634134373
EFV_GLC_GLCAASE,0.0,999.9999999999999
EFV_GLCt2pp,0.0,999.9999999999999
EFV_GLCtex,0.0,999.9999999999999
EFVtepp,0.0,1000.0
EFVtex,-1000.0,0.0
EHGLAT,0.0,0.0
ELTR_GLC_GLCAASE,0.0,1000.0
ELTR_GLCt2pp,0.0,999.9999999999999
ELTR_GLCtex,0.0,999.9999999999999
ELTR_M3_GLCAASE,1.0154500428422524,508.7812314053078
ELTR_M3t2pp,1.0154500428423654,508.781231405308
ELTR_M3tex,1.0154500428423656,508.781231405308
ELTR_M4_GLCAASE,0.0,999.9999999999999
ELTR_M4t2pp,0.0,999.9999999999999
ELTR_M4tex,0.0,999.9999999999999
ELTRtepp,0.0,1000.0000000000001
ELTRtex,-1000.0,0.0
ENO,1000.0000000000135,1000.0
ESTRADIOLGLC_GLCAASE,0.0,999.9999999999999
ESTRADIOLGLCt2ipp,0.0,999.9999999999999
ESTRADIOLGLCtex,0.0,999.9999999999999
ESTRADIOLtepp,0.0,1000.0
ESTRADIOLtex,-1000.0,0.0
ESTRIOLGLC_GLCAASE,0.0,999.9999999999999
ESTRIOLGLCt2pp,0.0,999.9999999999999
ESTRIOLGLCtex,0.0,999.9999999999999
ESTRIOLtepp,0.0,1000.0
ESTRIOLtex,-1000.0,0.0
ESTRONEGLC_GLCAASE,0.0,999.9999999999999
ESTRONEGLCt2pp,0.0,999.9999999999999
ESTRONEGLCtex,0.0,999.9999999999999
ESTRONEtex,-1000.0,0.0
ESTRONEtpp,0.0,1000.0
ETHAAL,0.0,999.9999999999999
ETHAt2pp,0.0,1000.0000000000001
ETHAtex,0.0,1000.0
ETHSO3abcpp,0.0,-2.7498033855752963e-11
ETHSO3tex,0.0,-2.4005985871445043e-11
ETOHt2rpp,-1000.0,999.9999999999992
ETOHtex,-1000.0,1000.0
EX_15dap(e),1.446973799482022e-11,941.840164982212
EX_1hibup_S(e),0.0,1000.0
EX_1hibupglu_S(e),-1000.0,0.0
EX_1hmdgluc(e),-1000.0,0.0
EX_1ohmdz(e),0.0,1000.0
EX_2ddglcn(e),1.1643449017877354e-11,1000.0
EX_2dmmq8(e),9.760529516983526e-12,0.0
EX_2hatvacid(e),0.0,1000.0
EX_2hatvacidgluc(e),-1000.0,0.0
EX_2hatvlac(e),0.0,1000.0
EX_2hatvlacgluc(e),-999.9999999999999,0.0
EX_2hibup_S(e),0.0,1000.0
EX_2hibupglu_S(e),-1000.0,0.0
EX_2obut(e),-1000.0,913.8779466533681
EX_2oh_cbz(e),0.0,1000.0
EX_2oh_cbz_glc(e),-1000.0,0.0
EX_2oh_mtz(e),0.0,1000.0
EX_2oh_mtz_glc(e),-1000.0,0.0
EX_34dhphe(e),0.0,0.0
EX_3hibup_S(e),0.0,1000.0
EX_3hibupglu_S(e),-1000.0,0.0
EX_3meacmp(e),0.0,1000.0000000000001
EX_3oh_cbz(e),0.0,1000.0
EX_3oh_cbz_glc(e),-1000.0,0.0
EX_3oh_dlor(e),0.0,1000.0
EX_3oh_dlor_glc(e),-1000.0,0.0
EX_3oh_mdea(e),0.0,1000.0
EX_3oh_mdea_glc(e),-1000.0,0.0
EX_3oh_mxn(e),0.0,1000.0
EX_3oh_mxn_glc(e),-1000.0,0.0
EX_4abut(e),-1000.0000000000006,1000.0
EX_4abz(e),-3.0463501285109014,-3.046350128526297
EX_4dh_tpno(e),0.0,1000.0
EX_4dh_tpno_1glc(e),-1000.0,0.0
EX_4hmdgluc(e),-1000.0,0.0
EX_4oh_dcf(e),0.0,1000.0
EX_4oh_dcf_glc(e),-1000.0,0.0
EX_4oh_kp(e),0.0,1000.0
EX_4oh_kp_glc(e),-1000.0,0.0
EX_4oh_levole(e),0.0,1000.0
EX_4oh_levole_glc(e),-1000.0,0.0
EX_4oh_meth(e),0.0,1000.0
EX_4oh_meth_glc(e),-1000.0,0.0
EX_4oh_propl(e),0.0,1000.0
EX_4oh_propl_glc(e),-1000.0,0.0
EX_4oh_trz(e),0.0,1000.0
EX_4oh_trz_glc(e),-1000.0,0.0
EX_4oh_vcz(e),0.0,1000.0
EX_4oh_vcz_glc(e),-1000.0,0.0
EX_4ohmdz(e),0.0,1000.0
EX_5asa(e),-1000.0,0.0
EX_5fura(e),0.0,1000.0
EX_5mthf(e),0.0,-6.458612934091458e-12
EX_5oh_sulfp(e),0.0,1000.0
EX_5oh_sulfp_glc(e),-1000.0,0.0
EX_5ohfvs(e),0.0,1000.0
EX_5ohfvsglu(e),-999.9999999999999,0.0
EX_6bhglz(e),0.0,1000.0
EX_6bhglzglc(e),-1000.0,0.0
EX_6ohfvs(e),0.0,1000.0
EX_6ohfvsglu(e),-1000.0,0.0
EX_7a_czp(e),-999.9999999999982,999.9999999999998
EX_7bhglz(e),0.0,1000.0
EX_7bhglzglc(e),-1000.0,0.0
EX_7dhcdchol(e),-1000.0,1000.0
EX_7ocholate(e),-1000.0,1000.0
EX_7oh_efv(e),0.0,1000.0
EX_7oh_efv_glc(e),-1000.0,0.0
EX_814dioh_efv(e),0.0,1000.0
EX_814dioh_efv_glc(e),-1000.0,0.0
EX_8oh_efv(e),0.0,1000.0
EX_8oh_efv_glc(e),-999.9999999999999,0.0
EX_C02528(e),-999.9999999999987,999.9999999999997
EX_Lcyst(e),1.6785186578052504e-27,0.0
EX_N_oh_phtn(e),0.0,1000.0
EX_N_oh_phtn_glc(e),-1000.0,0.0
EX_R_6oh_warf(e),0.0,1000.0
EX_R_6oh_warf_glc(e),-999.999999999999,0.0
EX_R_7oh_warf(e),0.0,1000.0
EX_R_7oh_warf_glc(e),-999.9999999999989,0.0
EX_R_8oh_warf(e),0.0,1000.0
EX_R_8oh_warf_glc(e),-999.9999999999998,0.0
EX_S_4oh_warf(e),0.0,1000.0
EX_S_4oh_warf_glc(e),-999.9999999999999,0.0
EX_S_6oh_warf(e),0.0,1000.0
EX_S_6oh_warf_glc(e),-999.9999999999995,0.0
EX_ac(e),1000.0000000000185,1000.0
EX_ac5asa(e),0.0,1000.0
EX_ac_amn_b_gly(e),0.0,1000.0
EX_ac_amn_b_gly_glc(e),-1000.0,0.0
EX_acald(e),-1000.0,1000.0
EX_acgam(e),1.5167225887325346e-11,0.0
EX_acisnzd(e),-1000.0,999.9999999999994
EX_acmp(e),0.0,1000.0
EX_acmp_glc(e),-999.9999999999999,0.0
EX_acmpglu(e),-1000.0,0.0
EX_acnam(e),1.552350103459756e-11,0.0
EX_adn(e),-1000.0,1000.0
EX_adocbl(e),-12.203919748556217,-8.565389211614676e-12
EX_akg(e),-1000.0,1000.0
EX_ala_D(e),-1000.0,999.5380167204381
EX_ala_L(e),-1000.0,1000.0
EX_alaasp(e),1.5909649686444837e-11,0.0
EX_alagln(e),1.542564324127429e-11,0.0
EX_alaglu(e),1.2363337388179137e-11,0.0
EX_alagly(e),1.582554275960915e-11,0.0
EX_alahis(e),1.2859845445972478e-11,0.0
EX_alaleu(e),-1.8286910085385013e-12,0.0
EX_alathr(e),1.3063959918747804e-11,0.0
EX_alltn(e),0.0,0.0
EX_alpz_4oh(e),0.0,1000.0
EX_alpz_4oh_glc(e),-1000.0,0.0
EX_alpz_aoh(e),0.0,1000.0
EX_alpz_aoh_glc(e),-1000.0,-1.8069799468589022e-13
EX_am14(e),0.0,1000.0
EX_am14_glc(e),-1000.0,0.0
EX_am1ccs(e),0.0,1000.0
EX_am1cglc(e),-1000.0,0.0
EX_am5(e),0.0,1000.0
EX_am5_glc(e),-1000.0,0.0
EX_am6(e),0.0,1000.0
EX_am6_glc(e),-1000.0,0.0
EX_amio(e),0.0,1000.0
EX_amio_c(e),0.0,1000.0
EX_amio_c_glc(e),-1000.0,0.0
EX_amio_glc(e),-1000.0,-1.8069799468589022e-13
EX_amn_b_gly(e),0.0,1000.0
EX_amn_b_gly_glc(e),-1000.0,0.0
EX_amntd_m6(e),0.0,1000.0
EX_amntd_m6_glc(e),-1000.0,0.0
EX_anzp(e),-1000.0000000000011,1000.0
EX_arab_L(e),1.521795892873757e-11,0.0
EX_arbt(e),-941.8401649822075,3.744575229607915e-13
EX_arg_L(e),-495.6550269203589,-24.73494442926547
EX_asn_L(e),-1000.0,-18.97070479418316
EX_aso3(e),0.0,0.0
EX_aso4(e),0.0,0.0
EX_asp_L(e),-1000.0,0.0
EX_atvacid(e),0.0,999.4922749785769
EX_atvacylgluc(e),-1000.0,0.0
EX_atvethgluc(e),-999.4922749785801,-1.4246948347597011e-11
EX_atvlac(e),0.0,1000.0
EX_atvlacgluc(e),-999.9999999999998,2.0065634382274743e-15
EX_bhpm(e),0.0,1000.0
EX_bhpm_glc(e),-1000.0,0.0
EX_bilr_355(e),0.0,1000.0
EX_bilr_M10(e),-1000.0,0.0
EX_bilr_M12(e),-1000.0,0.0
EX_bilr_M14(e),0.0,1000.0
EX_bilr_M15(e),-1000.0,0.0
EX_bilr_M16(e),-999.9999999999998,0.0
EX_bilr_M7(e),0.0,1000.0
EX_biomass(e),127.89526592170003,127.8952659216997
EX_bsn(e),0.0,1000.0
EX_bsn_glc(e),-1000.0,0.0
EX_btn(e),-1000.0,-5.369496634402265e-12
EX_butso3(e),0.0,0.0
EX_bz(e),0.0,999.9999999999991
EX_bz_glc(e),-1000.0,-4.822257276381567e-13
EX_bzam(e),-1000.0,1.3671892983507864e-13
EX_ca2(e),-1.0154500428385198,-1.0154500428385216
EX_caribup_s(e),0.0,1000.0
EX_caribupglu_S(e),-1000.0,0.0
EX_cbl1(e),6.605679765537008e-12,12.203919748549726
EX_cbl2(e),1.0818263312973288e-11,0.0
EX_cbz(e),0.0,1000.0
EX_cbz_glc(e),-1000.0,-1.8069799468589022e-13
EX_cd2(e),0.0,0.0
EX_cd6168(e),0.0,1000.0
EX_cd6168_glc(e),-999.9999999999984,0.0
EX_cgly(e),-25.862059828763552,-1.0154500428449094
EX_chlphncl(e),-1000.0,1000.0
EX_chlphncl_glc(e),-1000.0,0.0
EX_chol(e),-999.9999999999999,0.0
EX_cholate(e),-1000.0000000000007,1000.0
EX_cit(e),-1000.0,999.9999999999998
EX_cl(e),-1.0154500428385187,-1.0154500428385214
EX_clcxb(e),0.0,1000.0
EX_clcxb_c(e),0.0,1000.0
EX_clcxb_c_glc(e),-1000.0,0.0
EX_clcxb_glc(e),-1000.0,-1.442941290609974e-13
EX_clobi_c(e),0.0,1000.0
EX_clobi_glc(e),-1000.0,0.0
EX_co2(e),58.15983501779382,1000.0
EX_cobalt2(e),-1.0154500428385185,-1.0154500428385214
EX_crn(e),0.0,0.0
EX_crvsm1(e),0.0,1000.0
EX_crvsm23(e),0.0,1000.0
EX_csn(e),-999.9999999999994,0.0
EX_ctbt(e),0.0,0.0
EX_cu2(e),-1.0154500428385185,-1.0154500428385216
EX_cvm1gluc(e),-1000.0,2.936644799599684e-13
EX_cvm23gluc(e),-1000.0,0.0
EX_cynt(e),-941.8401649822105,0.0
EX_cytd(e),-1000.0,-3.3411359269508814
EX_czp(e),-999.9999999999999,999.9999999999993
EX_daa(e),0.0,1000.0
EX_daa_glc(e),-1000.0,0.0
EX_dad_2(e),-999.9999999999998,999.9999999999905
EX_dcf(e),0.0,1000.0
EX_dcf_glc(e),-1000.0,0.0
EX_dcyt(e),-1000.0,-1.7015020059320496e-11
EX_ddea(e),0.0,1000.0
EX_ddea_glc(e),-1000.0,0.0
EX_des_astzl(e),0.0,1000.0
EX_des_astzl_glc(e),-1000.0,0.0
EX_dfdcytd(e),-999.9999999999975,0.0
EX_dfduri(e),0.0,1000.0000000000001
EX_dgsn(e),-1000.0,-2.0485613676823792e-13
EX_dhcinnm(e),0.0,0.0
EX_dhpppn(e),0.0,997.9690999143147
EX_digoxin(e),0.0,1000.0
EX_digoxin_glc(e),-1000.0,0.0
EX_din(e),-999.9999999999999,0.0
EX_dlb(e),0.0,1000.0
EX_dlb_glc(e),-999.9999999999998,-1.8069799468589022e-13
EX_dma(e),0.0,0.0
EX_dms(e),0.0,1000.0
EX_dmso(e),-999.9999999999993,-2.457634710611071e-13
EX_dnpz_5des(e),0.0,1000.0
EX_dnpz_6des(e),0.0,1000.0
EX_dnpz_m11(e),-1000.0,0.0
EX_dnpz_m12(e),-1000.0,-1.442941290609974e-13
EX_dnpz_m13(e),-1000.0,0.0
EX_dnpz_m14(e),-1000.0,0.0
EX_dnpz_m9(e),0.0,1000.0
EX_doh_etr(e),0.0,1000.0
EX_doh_etr_glc(e),-1000.0,0.0
EX_doh_vcz(e),0.0,1000.0
EX_doh_vcz_glc(e),-1000.0,0.0
EX_dopa(e),0.0,0.0
EX_drib(e),8.228380627785263e-12,0.0
EX_duri(e),-1000.0,-2.060335688814739e-13
EX_dxo(e),0.0,1000.0
EX_dxo_glc(e),-1000.0,0.0
EX_efv(e),0.0,1000.0
EX_efv_glc(e),-1000.0,0.0
EX_eltr(e),0.0,1000.0
EX_eltr_glc(e),-1000.0,0.0
EX_eltr_m3(e),-508.78123140530806,-1.0154500428442652
EX_eltr_m4(e),-1000.0,0.0
EX_estradiol(e),0.0,1000.0
EX_estradiolglc(e),-1000.0,0.0
EX_estriol(e),0.0,1000.0
EX_estriolglc(e),-1000.0,0.0
EX_estrone(e),0.0,1000.0
EX_estroneglc(e),-1000.0,0.0
EX_etha(e),-999.9999999999998,0.0
EX_ethso3(e),2.0637575030726485e-11,0.0
EX_etoh(e),-1000.0,1000.0
EX_eztmb(e),0.0,1000.0
EX_eztmb_glc(e),-1000.0,0.0
EX_fald(e),0.0,-2.0921198571597446e-11
EX_fcsn(e),-999.9999999999999,0.0
EX_fe2(e),-1.0154500428267461,-1.0154500428385214
EX_fe3(e),-1.0154500428385187,-1.0154500428580129
EX_fecrm(e),0.0,0.0
EX_fol(e),0.0,-3.61436101773059e-12
EX_for(e),58.15983501779278,1000.0
EX_fru(e),-941.8401649822073,-3.8198290389859236e-13
EX_fruur(e),-1000.0,1000.0
EX_fuc1p_L(e),0.0,0.0
EX_fum(e),-1000.0,1000.0
EX_fvs(e),0.0,1000.0
EX_fvsgluc(e),-999.9999999999998,-1.4344281163024634e-13
EX_fvstet(e),0.0,1000.0
EX_fvstetglu(e),-1000.0,-1.4344281163024634e-13
EX_g6p(e),-499.99999999997686,0.0
EX_gal(e),1.1966825617144072e-11,-7.93321604409582e-12
EX_galct_D(e),4.547116129427853e-12,0.0
EX_galctn_D(e),0.0,0.0
EX_galt(e),1.4463340760710165e-11,0.0
EX_galur(e),-1000.0,-1.0193849025656554e-11
EX_gam(e),-941.8401649821602,0.0
EX_gbbtn(e),0.0,0.0
EX_glc3meacp(e),-1000.0000000000001,0.0
EX_glc_D(e),-1000.0,0.0
EX_glcn(e),-1000.0,1000.0
EX_glcr(e),1.546152793312812e-11,0.0
EX_glcur(e),-998.9845499571572,1000.0
EX_gln_L(e),-1000.0,966.6193355944337
EX_gltmn(e),0.0,1000.0
EX_gltmn_glc(e),-1000.0,-1.4344281163024634e-13
EX_glu_L(e),-1000.0,1000.0000000000001
EX_gly(e),-1000.0000000000002,1000.0
EX_glyasn(e),1.565178345516694e-11,0.0
EX_glyasp(e),1.6686372150601836e-11,0.0
EX_glyb(e),-1000.0000000000001,999.9999999999997
EX_glyc(e),3.294748314006459,945.1349132961686
EX_glyc3p(e),2.7125845941459155e-11,0.0
EX_glycys(e),-24.84660978592063,0.0
EX_glygln(e),1.3143359427584701e-11,0.0
EX_glyglu(e),7.592140082317775e-12,0.0
EX_glyleu(e),-1000.0,0.0
EX_glymet(e),-15.531562724945125,0.0
EX_glyphe(e),1.7506408529587414e-11,0.0
EX_glypro(e),1.9940590565837398e-11,0.0
EX_glytyr(e),1.929650630764482e-11,0.0
EX_gmfl(e),0.0,1000.0
EX_gmfl_glc(e),-1000.0,-1.4344281163024634e-13
EX_gmfl_mI(e),0.0,1000.0
EX_gmfl_mII(e),0.0,1000.0
EX_gmfl_mIII(e),0.0,1000.0
EX_gmfl_mIII_glc(e),-1000.0,-1.4344281163024634e-13
EX_gmfl_mII_glc(e),-1000.0,0.0
EX_gmfl_mI_glc(e),-1000.0,-1.4429412906099744e-13
EX_gsn(e),-10.194800226668573,989.8051997733083
EX_gtacmp(e),-1000.0,0.0
EX_h(e),-1000.0,1000.0
EX_h2(e),-1000.0,944.8865151107318
EX_h2o(e),-1000.0,1000.0
EX_hdca(e),2.3946095135963703e-11,0.0
EX_hexs(e),1.687533520440978e-11,0.0
EX_hg2(e),0.0,0.0
EX_his_L(e),-10.480761251751439,-10.480761251761043
EX_hst(e),0.0,1000.0
EX_hst_37_diglc(e),-1000.0,0.0
EX_hst_3_glc(e),-999.9999999999998,1000.0
EX_hst_3_s(e),0.0,1000.0
EX_hst_3glc_7s(e),-1000.0,0.0
EX_hst_7_glc(e),-999.9999999999995,1000.0
EX_hst_7_s(e),2.5972943230979533e-12,1000.0
EX_hst_7glc_3s(e),-1000.0,0.0
EX_hxan(e),-1000.0,0.0
EX_ibup_S(e),0.0,1000.0
EX_ibupgluc(e),-1000.0,-1.4344281163024634e-13
EX_idon_L(e),-999.9999999999998,999.9999999999998
EX_ile_L(e),-988.2592273778893,898.4674527150382
EX_imn(e),0.0,1000.0
EX_imn_glc(e),-1000.0,1.3557713398951247e-14
EX_ind3ac(e),0.0,941.8401649821998
EX_indole(e),-1000.0,993.030219588321
EX_ins(e),1.8511224956483077e-11,1000.0
EX_inv(e),0.0,1000.0
EX_inv_m1(e),-1000.0,-1.4344281163024634e-13
EX_isetac(e),2.347865095131246e-11,0.0
EX_isnzd(e),-999.9999999999994,1000.0
EX_isosorbide_5mn(e),0.0,1000.0
EX_isosorbide_5mn_glc(e),-1000.0,-1.4344281163024634e-13
EX_k(e),-1.0154500428385187,-1.0154500428385216
EX_kprofen(e),0.0,1000.0
EX_kprofen_glc(e),-1000.0,-1.4344281163024634e-13
EX_lac_D(e),-1000.0,1000.0
EX_lac_L(e),-1000.0,1000.0
EX_lactl(e),1.539956563176256e-11,0.0
EX_lcts(e),1.490823130294076e-11,0.0
EX_leu_L(e),-53.224484601119535,1000.0
EX_lst4exp(e),0.0,1000.0
EX_lstn(e),0.0,1000.0
EX_lstn1gluc(e),-1000.0,0.0
EX_lstnm4(e),-1000.0,0.0
EX_lstnm7(e),-1000.0,0.0
EX_lys_L(e),-983.2398625610574,-41.39969757886093
EX_mal_L(e),-999.9999999999999,-3.9787639039155407e-13
EX_malt(e),1.4655111274375902e-11,0.0
EX_malthx(e),0.0,0.0
EX_malttr(e),0.0,0.0
EX_man(e),-941.8401649822027,-2.9665399036644026e-13
EX_man6p(e),-499.99999999996976,0.0
EX_mantr(e),1.326401605321012e-11,0.0
EX_mdz(e),0.0,1000.0
EX_mdz_glc(e),-999.9999999999999,0.0
EX_mdzglc(e),-1000.0,0.0
EX_melib(e),1.9346368081049583e-11,-1.676336246576389e-11
EX_meoh(e),0.0,0.0
EX_met_D(e),-9.761641678952207e-15,0.0
EX_met_L(e),0.0,0.0
EX_metala(e),-15.531562724943111,0.0
EX_metsox_R_L(e),1.6053708522272207e-11,0.0
EX_metsox_S_L(e),-15.531562724943097,0.0
EX_mg2(e),-1.0154500428385187,-1.0154500428385216
EX_miso(e),0.0,1000.0
EX_miso_glc(e),-1000.0,-1.4429412906099744e-13
EX_mn2(e),-1.0154500428385183,-1.0154500428385214
EX_mnl(e),-941.8401649822069,0.0
EX_mops(e),2.0505429043424413e-27,0.0
EX_mqn7(e),0.0,0.0
EX_mqn8(e),-2.0309000856769654,-2.0309000856926507
EX_mrphn(e),0.0,1000.0
EX_mrphn_3glc(e),-1000.0,0.0
EX_mrphn_6glc(e),-1000.0,0.0
EX_mso3(e),3.0646454002021585e-11,0.0
EX_mtz(e),0.0,1000.0
EX_mtz_glc(e),-1000.0,-1.4344281163024634e-13
EX_na1(e),-1000.0,0.0
EX_nac(e),1.1884245644450778e-11,1000.0
EX_ncam(e),-2.0309000856554715,997.969099914309
EX_nchlphncl(e),-1000.0,1000.0
EX_nh4(e),-1.7253071372689015,1000.0
EX_nmn(e),-1000.0,-1000.0000000000298
EX_no2(e),-999.9999999999529,1000.0
EX_no3(e),-1000.0,0.0
EX_nsldp_m5(e),0.0,1000.0
EX_nsldp_m5_glc(e),-1000.0,0.0
EX_nverp(e),0.0,1000.0
EX_nverp_glc(e),-999.9999999999998,-1.4344281163024634e-13
EX_nzp(e),-1000.0,1000.0000000000005
EX_o2(e),-1000.0,-2.030900085683559
EX_ocdca(e),-8.785995503969822,-8.785995503981628
EX_odsm_egltmn(e),0.0,1000.0
EX_odsm_egltmn_glc(e),-1000.0,-1.4344281163024634e-13
EX_odsm_gltmn(e),0.0,1000.0
EX_odsm_gltmn_glc(e),-1000.0,-1.4344281163024634e-13
EX_oh_etr(e),0.0,1000.0
EX_oh_etr_glc(e),-999.9999999999999,-1.4344281163024634e-13
EX_oh_pbl(e),0.0,1000.0
EX_oh_pbl_glc(e),-1000.0,-1.4344281163024634e-13
EX_orn(e),-941.8401649822116,-1.616061960728066e-11
EX_pac(e),-83.59693391006196,0.0
EX_pb(e),0.0,-1.1204153758428771e-11
EX_pcresol(e),0.0,0.0
EX_phe_L(e),-22.533866902744276,963.2646427692949
EX_pheme(e),-1.015450042838518,-1.015450042840313
EX_phppa(e),0.0,1000.0
EX_phppa_glc(e),-999.9999999999999,-1.4429412906099744e-13
EX_phtn_glc(e),-999.9999999999999,0.0
EX_pi(e),1000.0000000000533,1000.0
EX_pime(e),2.8806009367854377e-12,0.0
EX_pnto_R(e),-2.0309000856738813,-2.0309000856903596
EX_ppa(e),1000.0000000000133,1000.0
EX_ppi(e),213.6264009237449,213.62640092371998
EX_pppn(e),-997.9690999143163,0.0
EX_pro_L(e),-1000.0,-20.59497467138567
EX_prob(e),0.0,1000.0
EX_prob_glc(e),-1000.0,-1.4344281163024634e-13
EX_pront(e),0.0,1000.0
EX_pront_glc(e),-1000.0,-1.4344281163024634e-13
EX_propl(e),0.0,1000.0
EX_propl_glc(e),-1000.0,-1.4344281163024634e-13
EX_prx_mI(e),0.0,1000.0
EX_prx_mII(e),0.0,1000.0
EX_prx_mII_glc(e),-1000.0,-1.4344281163024634e-13
EX_prx_mI_glc(e),-1000.0,0.0
EX_ptrc(e),-975.265055570728,940.8247149393761
EX_ptvst(e),0.0,999.4922749785791
EX_ptvstgluc(e),-999.4922749785808,-1.8069799468589027e-13
EX_pvs(e),0.0,1000.0
EX_pvsgluc(e),-1000.0,-1.4344281163024634e-13
EX_pydam(e),6.048069001136069e-12,0.0
EX_pydx(e),7.1523120578005905e-12,0.0
EX_pydxn(e),7.205794847402641e-12,0.0
EX_q8(e),0.0,0.0
EX_r406(e),0.0,1000.0
EX_r406_glc(e),-999.9999999999999,0.0
EX_r529(e),0.0,1000.0
EX_r529_glc(e),-1000.0,0.0
EX_r788(e),3.04166060880946e-11,3.915376590050616e-12
EX_regfnb(e),0.0,1000.0
EX_regfnb_glc(e),-1000.0,0.0
EX_rep(e),0.0,1000.0
EX_rep_glc(e),-1000.0,0.0
EX_rib_D(e),4.4784269596861074e-12,-2.1601412538361005e-11
EX_ribflv(e),-2.0309000856770383,-2.0309000856831254
EX_rpn_104557(e),0.0,941.840164982212
EX_rpn_104557_cb_glc(e),-941.8401649821965,-8.361096452835707e-15
EX_rpn_96990(e),0.0,1000.0
EX_rpn_96990_glc(e),-1000.0,-1.4344281163024634e-13
EX_rpn_oh(e),0.0,1000.0
EX_rpn_oh_glc(e),-1000.0,-1.4344281163024634e-13
EX_rsv(e),0.0,999.4922749785791
EX_rsvgluc(e),-999.4922749785791,2.936644799599684e-13
EX_salcn(e),0.0,0.0
EX_sb_611855(e),1.0154500428405937,508.78123140530755
EX_sb_y(e),0.0,1000.0
EX_sbt_D(e),-941.8401649822056,0.0
EX_sch_488128(e),-999.9999999999999,0.0
EX_sch_57871(e),0.0,1000.0
EX_sch_57871_glc(e),-1000.0,-1.4344281163024634e-13
EX_sel(e),-1000.0,0.0
EX_selni(e),0.0,1000.0
EX_ser_D(e),-1000.0,0.0
EX_ser_L(e),-1000.0,908.7932176940195
EX_sfnd_1689(e),0.0,1000.0
EX_sfnd_1689_glc(e),-1000.0,-1.4344281163024634e-13
EX_sftz(e),0.0,1000.0
EX_sftz_glc(e),-1000.0,-1.4344281163024634e-13
EX_sheme(e),-1.0154500428385174,-1.015450042839487
EX_simvgluc(e),-1000.0,0.0
EX_smap(e),0.0,1000.0
EX_smap_glc(e),-1000.0,-1.4344281163024634e-13
EX_smvacid(e),4.3288238718299215e-13,1000.0
EX_sn38(e),0.0,1000.0
EX_sn38g(e),-1000.0,-1.4344281163024634e-13
EX_so4(e),-1.0154500428301059,-1.0154500428385216
EX_spmd(e),-1.015450042838519,-1.0154500428451172
EX_spz(e),0.0,1000.0
EX_spz_glc(e),-1000.0,-1.4344281163024634e-13
EX_spz_sfn(e),0.0,1000.0
EX_spz_sfn_glc(e),-1000.0,-1.4344281163024634e-13
EX_stg(e),0.0,1000.0
EX_stg_m3(e),-1000.0,-8.956434730616162e-13
EX_stg_m4(e),-941.8401649822066,-1.947434069134891e-13
EX_succ(e),-1000.0,1000.0
EX_sucr(e),0.0,0.0
EX_sulfac(e),2.3872583423493118e-11,0.0
EX_tagur(e),1.604118085112742e-11,0.0
EX_tat(e),-1000.0,0.0
EX_taur(e),0.0,0.0
EX_tgz(e),0.0,1000.0
EX_tgz_glc(e),-1000.0,-1.4344281163024634e-13
EX_thf(e),0.0,-4.570172511985236e-12
EX_thm(e),-1.0154500428335604,-1.0154500428421007
EX_thr_L(e),-1000.0,-23.895951484823176
EX_thsacmp(e),0.0,1000.0
EX_thymd(e),-1.7116223438301066,-8.476302240137253e-12
EX_tlf_a(e),1.4429412906099734e-13,1000.0
EX_tlf_a_1a(e),0.0,1000.0
EX_tlf_a_1b(e),0.0,1000.0
EX_tlf_a_1x(e),0.0,1000.0
EX_tlf_a_2(e),0.0,1000.0
EX_tlf_a_2a(e),0.0,1000.0
EX_tlf_a_3(e),0.0,1000.0
EX_tlf_a_4(e),0.0,1000.0
EX_tlf_a_m1(e),-1000.0,0.0
EX_tlf_a_m2(e),-1000.0,-1.4429412906099744e-13
EX_tlf_a_m3(e),-1000.0,-1.908819119739772e-12
EX_tlf_a_m4(e),-999.9999999999999,0.0
EX_tlf_a_m4a(e),-1000.0,0.0
EX_tlf_a_m5(e),-1000.0,1000.0
EX_tlf_a_m5a(e),-1000.0,1.4344281163024634e-13
EX_tlf_a_m5b(e),-1000.0,0.0
EX_tlf_a_m6(e),-1000.0,0.0
EX_tlf_a_m9(e),-1000.0,0.0
EX_tlms(e),0.0,1000.0
EX_tlms_glc(e),-1000.0,-1.4344281163024634e-13
EX_tma(e),-1000.0,1000.0000000000005
EX_tmacmp(e),0.0,1000.0
EX_tmao(e),-999.9999999999966,1000.0000000000002
EX_tolcp(e),0.0,1000.0
EX_tolcp_ac(e),0.0,1000.0
EX_tolcp_ac_glc(e),-1000.0,-1.4344281163024634e-13
EX_tolcp_am(e),0.0,1000.0
EX_tolcp_am_glc(e),-1000.0,-1.4344281163024634e-13
EX_tolcp_glc(e),-1000.0,0.0
EX_tpno_1glc_4g(e),-1000.0,0.0
EX_tpno_4g(e),3.463547442983718e-13,1000.0
EX_tpno_4glc(e),-1000.0,0.0
EX_tpnoh(e),0.0,1000.0
EX_tre(e),6.740668198358829e-12,0.0
EX_trp_L(e),-1000.0,993.0302195883264
EX_tsacmgluc(e),-1000.0,0.0
EX_tsul(e),9.889100529557892e-12,-1.0387719236999153e-11
EX_ttdca(e),-3.2023695633987574,-3.2023695634158416
EX_tyr_L(e),-1000.0,-14.201490327961324
EX_ura(e),-999.9999999999994,0.0
EX_uri(e),-7.046773361742724,1000.0
EX_val_L(e),-981.196096211639,902.4842337527864
EX_xan(e),1.3434867362822136e-11,0.0
EX_xyl_D(e),1.6468464023957252e-11,0.0
EX_zn2(e),-1.0154500428385191,-1.0154500428385216
EZTMB_GLC_GLCAASE,0.0,999.9999999999999
EZTMB_GLCt2pp,0.0,999.9999999999999
EZTMB_GLCtex,0.0,999.9999999999999
EZTMBtepp,0.0,1000.0
EZTMBtex,-1000.0,0.0
F1PPtpp,0.0,0.0
FACOAL140i,3.202369563416223,3.202369563398427
FACOAL160i,0.0,-1.7424055141768696e-11
FACOAL161,0.0,0.0
FACOAL180i,8.78599550398593,8.785995503954032
FACOAL181i,0.0,-2.7316651783009e-12
FACOALAI15,0.0,0.0
FACOALAI17,0.0,0.0
FACOALI14,0.0,0.0
FACOALI15,0.0,0.0
FACOALI16,0.0,0.0
FACOALI17,0.0,0.0
FALDtex,3.011903478482908e-11,0.0
FBA,-873.4131116569463,-1.605169854248976e-11
FBA2,1.4538593014337859e-11,941.8401649822043
FBA3,0.0,-1.3667699588068898e-11
FBP,0.0,873.4131116569419
FCI,0.0,0.0
FCLK,0.0,0.0
FCLPA,0.0,0.0
FCLTc,0.0,-1.7334462809936468e-12
FCSND,0.0,1000.0
FCSNDepp,0.0,1000.0
FCSNtex,0.0,1000.0
FCSNtpp,0.0,1000.0
FDH,0.0,944.8865151107246
FDH2pp,0.0,944.8865151107244
FDMO,0.0,-2.6658180356761374e-11
FDMO2,0.0,-1.8496201317926427e-11
FDMO3,0.0,-2.3316267679443192e-11
FDMO4,0.0,0.0
FDMO5,0.0,0.0
FDMO6,0.0,-2.0694151578778065e-11
FE2abcpp,1.0154500428385214,1.0154500428285407
FE2tex,1.0154500428385214,1.0154500428248683
FE3abcpp,0.0,-1.3647662850338807e-11
FE3t4pp,1.0154500428536444,1.0154500428385191
FE3tex,1.015450042853019,1.0154500428385183
FECRMabcpp,0.0,0.0
FECRMtex,0.0,0.0
FERO,0.0,-2.9739554029165558e-12
FHL,0.0,944.8865151107241
FMNAT,1.0154500428385216,1.0154500428385194
FMNRx,0.0,-3.2412615120729393e-11
FOLD3,0.0,-1.0058693439478063e-11
FOLtepp,0.0,-4.837927617783524e-12
FOLtex,5.19252318892426e-12,0.0
FORt2rpp,-1000.0,-58.15983501779322
FORtex,-1000.0,-58.159835017792716
FPGS7,0.0,0.0
FPGS_tm,0.0,0.0
FRD2,0.0,1000.0
FRD3,0.0,1000.0
FRD7,0.0,1000.0
FRDO,0.0,941.8401649822265
FRTT,0.0,1.015450042837236
FRUK,0.0,-1.6318671911813255e-11
FRUURt2rpp,-1000.0,999.9999999999989
FRUURtex,-1000.0,1000.0
FRUptspp,0.0,941.8401649822074
FRUtex,0.0,941.8401649821956
FT,0.0,0.0
FTHFCL,0.0,0.0
FTHFD,0.0,941.8401649821933
FUC1P_Ltex,0.0,0.0
FUM,-1000.0,1000.0
FUMt2_2pp,0.0,1000.0
FUMt2pp,0.0,1000.0
FUMtex,-1000.0000000000005,1000.0
FUMtpp,-1000.0000000000008,1000.0
FVSGLUC_GLCAASE,0.0,999.9999999999999
FVSGLUCt2pp,0.0,999.9999999999999
FVSGLUCtex,0.0,999.9999999999999
FVSTETGLU_GLCAASE,0.0,999.9999999999999
FVSTETGLUt2pp,0.0,999.9999999999999
FVSTETGLUtex,0.0,999.9999999999999
FVSTETtepp,0.0,1000.0
FVSTETtex,-1000.0,0.0
FVStepp,0.0,1000.0
FVStex,-1000.0,0.0
G1PACT,13.271717323762413,13.271717323742774
G1PPi,0.0,-9.464805711705312e-12
G1PTT,3.2023695634134466,3.202369563413441
G1SAT,0.0,1.7913707838744475e-11
G3PAT120,0.0,-2.156028767456096e-12
G3PAT140,0.0,996.7976304365839
G3PAT141,0.0,0.0
G3PAT160,0.0,-1.3082032549696611e-11
G3PAT161,0.0,-1.8780034248369455e-12
G3PAT180,0.0,4.392997751973108
G3PAT181,0.0,0.0
G3PATAI15,0.0,-2.955428065997119e-12
G3PATAI17,4.392997751984921,4.392997751984914
G3PATI14,0.0,0.0
G3PATI15,0.0,0.0
G3PATI16,0.0,0.0
G3PATI17,4.392997751984921,4.392997751984907
G3PD1,-1000.0,-23.06323819794568
G3PD2,0.0,976.9367618020558
G3PD5,0.0,976.9367618020506
G3PD6,0.0,976.9367618020568
G3PD7,0.0,976.9367618020553
G3PD8i,0.0,976.9367618020532
G5SADs,0.0,-1.2910013317052178e-11
G5SDr,0.0,-1.0518476274197838e-11
G6PDA,0.0,1000.0
G6PDH2,0.0,1000.0
G6PI,-1000.0,1000.0
G6PI3,-1000.0,1000.0
G6Pt6_2pp,0.0,499.9999999999828
G6Ptex,0.0,499.9999999999818
GACPCD,0.0,0.0
GALACtpp,0.0,-9.214375070352488e-12
GALASE_LACTL,0.0,-8.76583153591719e-12
GALCTD,0.0,-9.113223794857397e-12
GALCTN_Dtex,0.0,0.0
GALCTNt2rpp,0.0,0.0
GALCT_Dtex,0.0,-8.74855357617535e-12
GALK,0.0,-8.75356715698135e-12
GALM1r,1.1202040045159282e-11,0.0
GALS3,0.0,-8.426930126297361e-12
GALT,-987.1905217463469,1000.0
GALT1,3.202369563413445,3.2023695634134475
GALTptspp,0.0,-1.735390446878362e-11
GALTtex,0.0,-1.4195577139612876e-11
GALU,-987.1905217463461,1000.0
GALURt2rpp,-999.9999999999999,-9.062959413120635e-12
GALURtex,1.1902127634754844e-11,1000.0
GALabcpp,0.0,-1.369376145523322e-11
GALt1rpp,-1000.0,-1.179813499644195e-11
GALt2_2ipp,0.0,1000.0
GALtex,1.2707606958485525e-11,-1.1966825617144072e-11
GAMptspp,0.0,941.8401649821931
GAMtex,0.0,941.8401649821885
GAPD,1000.0000000000128,1000.0
GARFTi,0.0,-8.742880680052266e-12
GART,0.0,-5.747468643472921e-12
GBBTNtex,0.0,0.0
GBBTNtpp,0.0,0.0
GCALDDr,2.7786501867187027e-11,0.0
GCCa,0.0,941.8401649822089
GCCb,0.0,941.8401649822096
GCCc,0.0,941.8401649822097
GF6PTA,0.0,1000.0
GFUCS,0.0,0.0
GGGABADr,-1000.0,1000.0
GGGABARr,-1000.0,999.9999999999995
GGTA,1.015450042845787,1.015450042838519
GGTT,0.0,1.0154500428362807
GHMT2r,-939.8092648965343,961.114250136668
GK1,-988.7897497304842,1000.0
GK2,-988.789749730484,1000.0
GLC3MEACP_GLCAASE,0.0,1000.0
GLC3MEACPt2pp,0.0,1000.0000000000002
GLC3MEACPtex,0.0,1000.0000000000001
GLCDepp,0.0,1000.0
GLCNt2rpp,-1000.0,999.9999999999825
GLCNtex,-1000.0,999.9999999999797
GLCOAS,0.0,-1.9548973325099146e-11
GLCP,0.0,83.5969339100521
GLCRAL,0.0,-1.1046496927343359e-11
GLCRD,0.0,-1.1085352128022202e-11
GLCRHL,0.0,-1.0101582372189018e-11
GLCRt2pp,0.0,-1.1393396404972848e-11
GLCRtex,0.0,-1.1393396404972847e-11
GLCS1,0.0,83.59693391004981
GLCTR1,3.202369563413446,3.2023695634134346
GLCTR2,3.202369563413446,3.202369563413439
GLCTR3,3.2023695634134466,3.2023695634134395
GLCURt2rpp,-1000.0000000000002,998.984549957158
GLCURtex,-1000.0,998.9845499571567
GLC_Dtex,0.0,1000.0
GLCabcpp,0.0,-7.815488664430609e-12
GLCptspp,0.0,941.8401649821748
GLGC,0.0,83.5969339100521
GLNS,0.0,-1.7693117959897398e-11
GLNSP1,0.0,0.0
GLNSP2,0.0,0.0
GLNSP3,0.0,0.0
GLN_Ltex,-966.6193355944237,999.9999999999998
GLNabcpp,0.0,-1.844253282375928e-11
GLNt2rpp,-966.6193355944191,1000.0
GLTMN_GLC_GLCAASE,0.0,999.9999999999999
GLTMN_GLCt2pp,0.0,999.9999999999999
GLTMN_GLCtex,0.0,999.9999999999999
GLTMNtepp,0.0,1000.0
GLTMNtex,-1000.0,0.0
GLTPD,0.0,-1.6928072070918406e-11
GLU5K,0.0,-1.958955397794587e-11
GLUABUTt7pp,-999.9999999999993,999.9999999999999
GLUCYS,0.0,-7.69117854768529e-12
GLUDC,0.0,941.8401649822038
GLUN,0.0,1000.0
GLUOX,-966.6193355944305,1000.0
GLUPRT,0.0,-5.385395946020268e-12
GLUR,-0.23099163978118203,-0.23099163978118234
GLUSx,0.0,1000.0
GLUTCOADH2,0.0,-2.1893997047902044e-11
GLUTRR,0.0,-2.186382101583949e-11
GLUTRS,0.0,-1.902319524011904e-11
GLU_Ltex,-1000.0,1000.0
GLUabcpp,0.0,-1.9023195240119024e-11
GLUt2pp,0.0,1000.0
GLXCL,0.0,-2.145808820042563e-11
GLXS,-1000.0,-2.8834880856984064e-11
GLYASN1c,0.0,-1.4469834208811271e-11
GLYASNabcpp,0.0,-2.051423572166011e-11
GLYASNtex,0.0,-2.051423572166011e-11
GLYASP1c,0.0,-2.02745034177342e-11
GLYASPabcpp,0.0,-1.821965509836925e-11
GLYASPtex,0.0,-1.8219655098369253e-11
GLYAT,-976.1040485151784,0.0
GLYBabcpp,0.0,-1.8904604538157563e-11
GLYBt2rpp,-1000.0,1000.0
GLYBtex,-999.9999999999998,1000.0000000000001
GLYC3Pabcpp,0.0,-1.5266669158767388e-11
GLYC3Ptex,0.0,-4.341081293016881e-11
GLYC3Ptipp,0.0,-4.46277292178863e-11
GLYCDx,0.0,0.0
GLYCYSabcpp,0.0,24.846609785910896
GLYCYStex,0.0,24.84660978590941
GLYCtex,-945.134913296184,-3.2947483140124287
GLYCtpp,3.2947483140023768,945.134913296199
GLYGLN1c,0.0,-1.7254253347335616e-11
GLYGLNabcpp,0.0,-1.7782906124878184e-11
GLYGLNtex,0.0,-1.7782906124878184e-11
GLYGLU1c,0.0,-1.7784730831567406e-11
GLYGLUabcpp,0.0,-1.795882610414424e-11
GLYGLUtex,0.0,-1.7958826104144242e-11
GLYK,0.0,-1.792721221429173e-11
GLYLEUHYDROc,0.0,1000.0
GLYLEUPEPT1tcpp,0.0,1000.0000000000001
GLYLEUtex,0.0,1000.0
GLYMET1c,1.8097072870673816e-15,15.53156272494264
GLYMETabcpp,0.0,15.531562724942257
GLYMETtex,0.0,15.531562724942257
GLYOX,0.0,1000.0
GLYPHEHYc,0.0,-1.9038528499181427e-11
GLYPHEabcpp,0.0,-1.9624226264006308e-11
GLYPHEtex,0.0,-1.962422626400631e-11
GLYPROPRO1c,0.0,-1.963675369240409e-11
GLYPROabcpp,0.0,-2.1388241134836543e-11
GLYPROtex,0.0,-2.1388241134836543e-11
GLYTYR1c,0.0,-2.0976928805320454e-11
GLYTYRabcpp,0.0,-1.8445688413499394e-11
GLYTYRtex,0.0,-1.8445688413499394e-11
GLYt2rpp,-1000.0,1000.0000000000008
GLYtex,-1000.0,1000.0
GMAND,0.0,0.0
GMFL_GLC_GLCAASE,0.0,1000.0
GMFL_GLCt2pp,0.0,1000.0000000000001
GMFL_GLCtex,0.0,1000.0
GMFL_MIII_GLC_GLCAASE,0.0,999.9999999999999
GMFL_MIII_GLCt2pp,0.0,999.9999999999999
GMFL_MIII_GLCtex,0.0,999.9999999999999
GMFL_MIIItepp,0.0,1000.0
GMFL_MIIItex,-1000.0,0.0
GMFL_MII_GLC_GLCAASE,0.0,999.9999999999999
GMFL_MII_GLCt2pp,0.0,999.9999999999999
GMFL_MII_GLCtex,0.0,999.9999999999999
GMFL_MIItepp,0.0,1000.0
GMFL_MIItex,-1000.0,0.0
GMFL_MI_GLC_GLCAASE,0.0,999.9999999999999
GMFL_MI_GLCt2pp,0.0,999.9999999999999
GMFL_MI_GLCtex,0.0,999.9999999999999
GMFL_MItepp,0.0,1000.0
GMFL_MItex,-1000.0,0.0
GMFLtepp,0.0,1000.0
GMFLtex,-1000.0,1.4344281163024634e-13
GMHEPAT,12.809478253653783,12.809478253653738
GMHEPK,12.809478253653781,12.80947825365375
GMHEPPA,12.80947825365378,12.809478253653749
GMPR,0.0,-1.7526510507855022e-11
GMPS2,0.0,-2.0636977915900728e-11
GND,0.0,941.8401649822054
GNK,0.0,-2.179606230943194e-11
GNNUC,0.0,-1.843369686408582e-11
GPDDA1,0.0,0.0
GPDDA2,0.0,0.0
GPDDA4,0.0,0.0
GRTT,1.2464416826197042,1.2464416826178506
GSNK,0.0,10.194800226660014
GSNt2rpp,-989.8051997733107,10.194800226658133
GSNtex,-989.8051997733078,10.194800226659956
GSPMDA,0.0,-1.7246226607978956e-11
GSPMDS,0.0,-1.594798358571636e-11
GTACMP_GLCAASE,0.0,999.9999999999999
GTACMPt2pp,0.0,999.9999999999999
GTACMPtex,0.0,999.9999999999999
GTHP,0.0,997.9690999143152
GTHRD,-997.9690999143194,1.6110635308846084e-13
GTHS,0.0,-6.0552064517422564e-12
GTPCI,3.0463501285155696,3.046350128509895
GTPCII,0.0,-9.217030059308762e-12
GTPDPDP,0.0,-9.950281065751733e-12
GTPDPK,0.0,-8.764604004703059e-12
GUAD,0.0,-1.7529208009406124e-11
GUAPRT,0.0,10.194800226658774
GUI1,-998.9845499571594,1000.0
GUI2,7.582197577239699e-12,1000.0000000000005
H2CO3D,-708.8269103116704,1000.0
H2Otex,-1000.0,1000.0
H2Otpp,-1000.0,1000.0
H2tdpp,-1000.0000000000008,944.886515110722
H2tex,-944.8865151107277,1000.0
HACD1,1.0522169557756962e-11,0.0
HACD2,0.0,0.0
HACD3,0.0,0.0
HACD4,0.0,0.0
HACD5,0.0,0.0
HACD6,0.0,0.0
HACD7,0.0,0.0
HACD9,0.0,944.8865151107353
HADPCOADH3,0.0,0.0
HBCD,0.0,83.59693391004764
HBZOPT,1.0154500428385218,1.015450042838505
HDCAt2pp,0.0,5.635353924271678e-12
HDCAtex,0.0,-1.9290389003873542e-11
HDG3PACT,1.5191413171150648e-11,2.627889023694023e-27
HEMEOS,0.0,0.0
HEMEtipp,1.0154500428404982,1.0154500428385185
HEPK1,3.202369563413446,3.20236956341345
HEPK2,3.202369563413446,3.20236956341345
HEPT1,3.2023695634134457,3.2023695634134497
HEPT2,3.2023695634134466,3.20236956341345
HEPT3,3.2023695634134466,3.20236956341345
HEPT4,3.2023695634134466,3.2023695634134506
HETT,1.0154500428385216,1.015450042839227
HETZK,0.0,0.0
HEX1,0.0,-1.813148659474552e-11
HEX4,0.0,-8.219393277459805e-12
HEX7,0.0,-1.8176696200416076e-11
HEXSabcpp,0.0,-1.755182939457565e-11
HEXStex,0.0,-1.8764020977471968e-11
HEXTT,0.0,1.01545004283659
HEXb,0.0,-1.6347529953044233e-11
HG2abcpp,0.0,0.0
HG2tex,1.3593353488324183e-11,0.0
HIBD,0.0,0.0
HISCAT1pp,-10.48076125175145,989.5192387482268
HISD,0.0,0.0
HISTD,0.0,-6.819198713714434e-12
HISTDOX,0.0,-5.526346552361669e-12
HISTLOX,0.0,-6.272181769072567e-12
HISTP,0.0,-6.272181769072568e-12
HIS_Ltex,10.48076125176696,10.480761251751499
HISabcpp,0.0,-1.7055342671471278e-11
HISt2pp,0.0,1000.0
HKNDDH,0.0,0.0
HKNTDH,0.0,0.0
HKtpp,0.0,-1.8620637149291023e-11
HMBS,0.0,-2.32757964366138e-12
HMPK1,0.0,-1.9255723122303245e-11
HOPNTAL,0.0,0.0
HPPK,0.0,-1.821722804755593e-11
HPYRI,0.0,0.0
HSDx,-1000.0,999.9999999999999
HSDy,-1000.0,1000.0
HSK,0.0,-1.0405826186018973e-11
HSST,0.0,-9.372829974597532e-12
HSTPTr,6.184383024564347e-12,0.0
HST_37_DIGLC_GLCAASE,0.0,1000.0
HST_37_DIGLC_GLCAASE2,0.0,1000.0
HST_37_DIGLCt2pp,0.0,1000.0000000000001
HST_37_DIGLCtex,0.0,1000.0
HST_3GLC_7S_GLCAASE,0.0,999.9999999999999
HST_3GLC_7St2pp,0.0,999.9999999999999
HST_3GLC_7Stex,0.0,999.9999999999999
HST_3_GLC_GLCAASE,0.0,999.9999999999999
HST_3_GLCt2pp,0.0,1000.0
HST_3_GLCtepp,0.0,1000.0
HST_3_GLCtex,-1000.0,1000.0
HST_3_Stepp,0.0,1000.0
HST_3_Stex,-1000.0,0.0
HST_7GLC_3S_GLCAASE,1.468322399799842e-13,999.9999999999999
HST_7GLC_3St2pp,0.0,999.9999999999999
HST_7GLC_3Stex,0.0,999.9999999999999
HST_7_GLC_GLCAASE,0.0,1000.0
HST_7_GLCt2pp,0.0,1000.0
HST_7_GLCtepp,0.0,1000.0
HST_7_GLCtex,-1000.0,1000.000000000004
HST_7_Stepp,0.0,1000.0000000000001
HST_7_Stex,-1000.0,0.0
HSTtepp,0.0,1000.0
HSTtex,-1000.0,0.0
HXAND,0.0,-1.9227077423562402e-11
HXANtex,0.0,999.9999999999972
HXPRT,0.0,-1.3998678707353563e-11
HYD1pp,0.0,1000.0
HYD2pp,0.0,1000.0
HYD3,0.0,1000.0
HYD4,0.0,941.8401649822046
HYXNtipp,0.0,1000.0
Htex,-999.9999999999998,1000.0
IAHDGK,0.0,0.0
IAPDGK,0.0,0.0
IBCOATA,0.0,0.0
IBUPGLUC_GLCAASE,0.0,1000.0
IBUPGLUCt2pp,0.0,999.9999999999999
IBUPGLUCtex,0.0,999.9999999999999
IBUP_Stepp,0.0,1000.0
IBUP_Stex,-1000.0,0.0
ICDHxi,0.0,941.8401649822011
ICDHy,0.0,941.8401649822091
ICHORS,0.0,-1.4754859586865608e-12
ICHORT,0.0,0.0
ICL,0.0,999.9999999999884
IDOND,-1000.0,1000.0
IDON_Ltex,-1000.0000000000022,999.9999999999999
IDONt2rpp,-1000.0,1000.0
IG3PS,0.0,-3.944970106848044e-12
IGPDH,0.0,-5.577084039577162e-12
IGPS,0.0,-8.342399120246429e-12
IHDCOATA,0.0,0.0
IHDGK,0.0,0.0
IHPDCOATA,8.78599550396984,8.785995503969817
IHXDGK,0.0,0.0
ILETA,-933.0541694782407,953.6725106146639
ILE_Ltex,-898.4674527150336,988.2592273778862
ILEabcpp,0.0,-1.418579768559412e-11
ILEt2rpp,-898.4674527150336,988.2592273778964
IMN_GLC_GLCAASE,0.0,999.9999999999999
IMN_GLCt2pp,0.0,999.9999999999999
IMN_GLCtex,0.0,999.9999999999999
IMNtepp,0.0,1000.0
IMNtex,-1000.0,0.0
IMPC,5.319655758577776e-12,0.0
IMPD,0.0,-1.0548221372740105e-11
IND3ACt2rpp,-941.8401649822108,0.0
IND3ACtex,-941.8401649822079,0.0
INDOLEt2rpp,-993.030219588323,999.9999999999999
INDOLEtex,-993.030219588324,1000.0
INHINDH,0.0,941.8401649822125
INSH,0.0,-1.4094860789897152e-11
INSK,0.0,-1.1327089131288298e-11
INSt2pp,-1000.0000000000001,-1.5334916998706605e-11
INStex,-1000.0,-1.7480774004433703e-11
INV_M1_GLCAASE,0.0,999.9999999999999
INV_M1t2pp,0.0,999.9999999999999
INV_M1tex,0.0,999.9999999999999
INVtepp,0.0,1000.0
INVtex,-1000.0,0.0
IPDCOATA,0.0,-3.5394508355726452e-12
IPDDI,-9.418066697671724,1000.0
IPDGK,0.0,0.0
IPDPS,0.0,1000.0
IPDPS2,0.0,1000.0
IPMD2,0.0,0.0
IPMDr,0.0,941.8401649821981
IPPMIa,-941.8401649822114,1.7241950290113584e-13
IPPMIb,-941.8401649822105,0.0
ISETACabcpp,1.9944709361906786e-13,-2.945559187394633e-11
ISETACtex,0.0,-2.161064786577884e-11
ISNZDAc,-1000.0,1000.0
ISNZDppp,-1000.0,1000.0
ISNZDtex,-1000.0,1000.0
ISOSORBIDE_5MN_GLC_GLCAASE,0.0,999.9999999999999
ISOSORBIDE_5MN_GLCt2pp,0.0,999.9999999999999
ISOSORBIDE_5MN_GLCtex,0.0,999.9999999999999
ISOSORBIDE_5MNtepp,0.0,1000.0
ISOSORBIDE_5MNtex,-1000.0,0.0
ITDCOATA,0.0,0.0
ITDGK,0.0,0.0
IVCOATA,8.785995503969838,8.785995503966081
KACOAT2,-2.1883876530976422e-14,83.59693391005304
KARA1,-1000.0,1000.0
KARA2,-999.9999999999998,1000.0
KARA3,-1000.0,1000.0
KAS14,32.024335110464094,32.024335110460314
KDOCT2,16.01210360759907,16.01210360759801
KDOPP,16.01210360759907,16.012103607597947
KDOPSr,16.01210360759907,16.012103607597947
KG6PDC,0.0,0.0
KPROFEN_GLC_GLCAASE,0.0,1000.0
KPROFEN_GLCt2pp,0.0,999.9999999999999
KPROFEN_GLCtex,0.0,999.9999999999999
KPROFENtepp,0.0,1000.0
KPROFENtex,-1000.0,0.0
Kt1rpp,1.015450042849947,1000.0
Kt3pp,0.0,998.9845499571419
Ktex,1.0154500428385216,1.0154500428384652
LACTLtex,0.0,-2.5130333796002553e-11
LACTLtpp,0.0,-1.74408980849201e-11
LACZ,0.0,-1.7440898084920098e-11
LAC_Dtex,-1000.0,1000.0000000000006
LAC_Ltex,-1000.0,999.9999999999999
LARGNAT,1.119862084659034e-11,1000.0
LCADi,0.0,-1.699047874716944e-27
LCARS,0.0,0.0
LCTSabcpp,0.0,-7.454335124012648e-12
LCTStex,0.0,-1.1487826711572712e-11
LCTStpp,1.5790498703984973e-11,-1.0399135984758132e-11
LCYSTabcpp,0.0,0.0
LCYSTtex,0.0,0.0
LDH_D,-1000.0,1000.0
LDH_D2,0.0,1000.0
LDH_L,-1000.0,1000.0000000000002
LEUTA,-933.0541694782576,8.78599550396778
LEU_Ltex,-1000.0,53.22448460112071
LEUabcpp,0.0,-1.5366377237846654e-11
LEUt2rpp,-1000.0,53.22448460112362
LGTHL,0.0,1000.0
LPADSS,6.404867022092814,6.404867022092455
LPAMS,0.0,0.0
LPLIPAL1A120,3.30752635524426e-12,-4.529976701524259e-12
LPLIPAL1A140,0.0,-1.0346941234903075e-11
LPLIPAL1A141,0.0,0.0
LPLIPAL1A160,0.0,-1.2109281446699431e-11
LPLIPAL1A161,0.0,0.0
LPLIPAL1A180,0.0,-1.207087515355711e-11
LPLIPAL1A181,0.0,0.0
LPLIPAL1E120,0.0,0.0
LPLIPAL1E140,0.0,0.0
LPLIPAL1E141,0.0,0.0
LPLIPAL1E160,0.0,0.0
LPLIPAL1E161,0.0,0.0
LPLIPAL1E180,0.0,0.0
LPLIPAL1E181,0.0,0.0
LPLIPAL1G120,0.0,0.0
LPLIPAL1G140,0.0,0.0
LPLIPAL1G141,0.0,0.0
LPLIPAL1G160,0.0,0.0
LPLIPAL1G161,0.0,0.0
LPLIPAL1G180,0.0,0.0
LPLIPAL1G181,0.0,0.0
LPLIPAL2A120,0.0,0.0
LPLIPAL2A140,0.0,0.0
LPLIPAL2A141,0.0,0.0
LPLIPAL2A160,0.0,0.0
LPLIPAL2A161,0.0,0.0
LPLIPAL2A180,0.0,0.0
LPLIPAL2A181,0.0,0.0
LPLIPAL2E120,0.0,0.0
LPLIPAL2E140,0.0,0.0
LPLIPAL2E141,0.0,0.0
LPLIPAL2E160,0.0,0.0
LPLIPAL2E161,0.0,0.0
LPLIPAL2E180,0.0,0.0
LPLIPAL2E181,0.0,0.0
LPLIPAL2G120,0.0,0.0
LPLIPAL2G140,0.0,0.0
LPLIPAL2G141,0.0,0.0
LPLIPAL2G160,0.0,0.0
LPLIPAL2G161,0.0,0.0
LPLIPAL2G180,0.0,0.0
LPLIPAL2G181,0.0,0.0
LST4EXPtepp,0.0,1000.0
LST4EXPtex,-1000.0,0.0
LSTN1GLUC_GLCAASE,0.0,999.9999999999999
LSTN1GLUCt2pp,0.0,999.9999999999999
LSTN1GLUCtex,0.0,999.9999999999999
LSTNM4_GLCAASE,1.468322399799842e-13,999.9999999999999
LSTNM4t2pp,0.0,999.9999999999999
LSTNM4tex,0.0,999.9999999999999
LSTNM7_GLCAASE,0.0,1000.0
LSTNM7t2pp,0.0,1000.0000000000001
LSTNM7tex,0.0,1000.0
LSTNtepp,0.0,1000.0
LSTNtex,-1000.0,0.0
LTHRK,0.0,0.0
LYSAM,0.0,0.0
LYSDC,0.0,941.8401649821949
LYS_Ltex,41.399697578860085,983.2398625610514
LYSt2rpp,41.39969757886191,1000.0
LYSt3pp,0.0,958.6003024211394
L_AROND,-999.9999999999997,-1.1240985243814133e-11
L_LACD,0.0,1000.0
L_LACD2,0.0,1000.0
L_LACD3,0.0,1000.0
L_LACt2rpp,-1000.0000000000001,1000.0000000000002
L_TRPCOO,0.0,941.8401649822148
M1PD,0.0,941.8401649821922
MACCOAT,0.0,944.8865151107248
MALCOACD,0.0,0.0
MALCOAMT,0.0,0.0
MALDDH,0.0,0.0
MALFADOi,0.0,999.9999999999993
MALT,0.0,-1.3927811207437094e-11
MALT6PH,0.0,-1.3125059632492925e-11
MALTATr,0.0,0.0
MALTHXabcpp,0.0,0.0
MALTHXtex,0.0,0.0
MALTTRabcpp,0.0,0.0
MALTTRtex,0.0,0.0
MALTabcpp,0.0,-7.2161957799772555e-12
MALTptspp,0.0,-1.3855504765515085e-11
MALTtex,0.0,-1.4462374287294325e-11
MAL_Ltex,0.0,1000.0
MALt2_2pp,0.0,1000.0
MAN1PT2,0.0,0.0
MAN6PI,0.0,1000.0
MAN6Pt6_2pp,0.0,499.99999999997164
MAN6Ptex,0.0,499.99999999997095
MANA4,0.0,-1.462508149756332e-11
MANAO,-1000.0,1.1368683772161603e-13
MANTRabcpp,0.0,-1.60614059124062e-11
MANTRtex,0.0,-1.5068887675342987e-11
MANabcpp,0.0,-7.55649197943182e-12
MANptspp,0.0,941.8401649821952
MANtex,0.0,941.8401649821919
MCITD,0.0,941.8401649822124
MCITL2,0.0,941.8401649822141
MCITS,0.0,941.8401649822141
MCOATA,291.17308968832924,291.1730896883172
MCSNAH1r,0.0,0.0
MDH,-1000.0,1000.0
MDZGLC_GLCAASE,0.0,1000.0
MDZGLCt2pp,0.0,999.9999999999999
MDZGLCtex,0.0,999.9999999999999
MDZ_GLC_GLCAASE,0.0,1000.0
MDZ_GLCt2pp,0.0,1000.0000000000001
MDZ_GLCtex,0.0,1000.0
MDZtepp,0.0,1000.0
MDZtex,-1000.0,1.1368683772161603e-13
ME1,0.0,941.8401649822075
ME2,0.0,941.8401649822066
MECDPDH2,10.66450838030118,10.664508380287936
MECDPS,10.66450838030118,10.664508380289094
MELIBabcpp,0.0,-1.476774833430346e-11
MELIBt2rpp,1.149486196890493e-11,-1.6221129995290686e-11
MELIBtex,1.1485075410715617e-11,-1.6794650622937467e-11
MELTOX,0.0,0.0
MEOHt2pp,0.0,0.0
MEOHtex,0.0,0.0
MEPCT,10.664508380301182,10.664508380288067
METALA1c,1.8097072870673816e-15,15.531562724944019
METALAabcpp,0.0,15.531562724943942
METALAtex,0.0,15.531562724943944
METAT,1.015450042838522,1.01545004283099
METB1,0.0,0.0
METDabcpp,0.0,-1.3615593341700425e-11
METFR,-16.54701276778424,-1.0154500428385214
METS,0.0,15.531562724945786
METSOX1abcpp,0.0,15.53156272494626
METSOX2abcpp,0.0,-9.964208733284105e-12
METSOXR1r,0.0,15.531562724945687
METSOX_R_Ltex,0.0,0.0
METSOX_S_Ltex,0.0,15.531562724945463
MET_Dtex,0.0,0.0
MET_Ltex,0.0,0.0
MG2abcpp,0.0,-1.5083156540592704e-11
MG2tex,1.0154500428385214,1.0154500428385196
MGSA,0.0,1000.0000000000001
MGt5pp,-1.0154500428385196,-1.0154500428507454
MI1PP,0.0,0.0
MI3PP,0.0,0.0
MI4PP,0.0,0.0
MICITD,0.0,941.8401649821828
MISO_GLC_GLCAASE,0.0,1000.0
MISO_GLCt2pp,0.0,999.9999999999999
MISO_GLCtex,0.0,999.9999999999999
MISOtepp,0.0,1000.0
MISOtex,-1000.0,0.0
MK8tpp,-2.0309000856771293,-2.030900085693792
MLTP1,0.0,1000.0000000000002
MLTP2,0.0,1000.0
MLTP3,0.0,1000.0
MLTP4,-1000.0,-6.252776074688882e-12
MMM2r,0.0,0.0
MN2tex,1.0154500428385214,1.015450042838519
MNLptspp,0.0,941.840164982176
MNLtex,0.0,941.8401649822019
MNNH,0.0,999.9999999999876
MNt2pp,1.0154500428385214,1.0154500428385191
MOAT,6.404867022092814,6.4048670220921595
MOAT3C,3.2023695634134457,3.202369563413437
MOHMT,0.0,-2.112324715985243e-11
MOPSabcpp,0.0,-1.2230649793447912e-11
MOPStex,0.0,-1.153544298287161e-11
MQN7tepp,0.0,0.0
MQN7tex,0.0,0.0
MQN8tex,2.0309000856906363,2.0309000856769277
MRPHN_3GLC_GLCAASE,0.0,1000.0
MRPHN_3GLCt2pp,0.0,999.9999999999999
MRPHN_3GLCtex,0.0,999.9999999999999
MRPHN_6GLC_GLCAASE,0.0,1000.0
MRPHN_6GLCt2pp,0.0,1000.0000000000001
MRPHN_6GLCtex,0.0,1000.0
MRPHNtepp,0.0,1000.0
MRPHNtex,-1000.0,1.1368683772161603e-13
MSO3abcpp,0.0,-1.1873748225726883e-11
MSO3tex,0.0,-1.7334670280682135e-11
MTAN,0.0,-8.667335140341077e-12
MTHFC,1.0154500428386075,942.8556150250513
MTHFD,1.0154500428385216,942.8556150250516
MTHFTepp,0.0,-3.4646691503014855e-12
MTHPTGHM,0.0,15.5315627249456
MTZ_GLC_GLCAASE,0.0,999.9999999999999
MTZ_GLCt2pp,0.0,999.9999999999999
MTZ_GLCtex,0.0,999.9999999999999
MTZtepp,0.0,1000.0
MTZtex,-1000.0,0.0
NA1tex,0.0,1000.0
NACt2rpp,1.288480756526361e-11,1000.0000000000001
NACtex,-1000.000000000005,-1.796252036001534e-11
NADH10,0.0,1000.0
NADH5,0.0,1000.0
NADH6pp,0.0,1000.0
NADH9,0.0,1000.0
NADK,0.0,1.0154500428388389
NADK2,0.0,1.0154500428387532
NADS1,0.0,-1.8678772444357905e-11
NAPRT,0.0,1.0154500428224802
NAt3_1pp,-997.9690999143118,1000.0
NCAMt2rpp,-2.0309000856522013,997.9690999143058
NCAMtex,-997.9690999143063,2.0309000856412016
NCHLPHNCLtex,-1000.0,1000.0
NCOAH,0.0,-1.090660537173806e-12
NDPK1,-990.5150568677676,1000.0
NDPK2,-973.9188044225842,1000.0
NDPK3,-956.8032588291846,1000.0
NDPK4,-995.086008092756,1000.0
NDPK5,-1000.0,1000.0
NDPK6,-999.9999999999995,1000.0
NDPK7,-1000.0,1000.0
NDPK8,-1000.0,1000.0
NDPK9,0.0,10.387909288687348
NH4tbpp,-1000.0,1.725307137271102
NH4tex,-1000.0,1.725307137269283
NMNAT,2.0309000856914508,2.0309000856780024
NMNPH,997.9690999143482,997.9690999143088
NMNPpp,1000.0000000000281,1000.0
NMNtex,1000.0000000000281,1000.0
NNAM,0.0,999.9999999999842
NNATr,0.0,-1.3691382277416895e-11
NNDMBRT,1.0154500428385214,1.015450042831734
NNDPR,0.0,1.0154500428246254
NO2rPmqpp,0.0,1000.0
NO2rPuqpp,0.0,1000.0
NO2t2pp,0.0,666.6666666666666
NO2tex,-1000.0,999.9999999999999
NO3R1pp,0.0,1000.0
NO3R2pp,0.0,1000.0000000000001
NO3abcpp,0.0,-1.4565817345964776e-11
NO3rPmqpp,0.0,1000.0
NO3rPuqpp,0.0,999.9999999999999
NO3t7pp,0.0,1000.0000000000006
NO3tex,0.0,1000.0
NODOx,0.0,0.0
NODOy,0.0,0.0
NP1_r,1.836155053471307e-11,0.0
NPHS,0.0,-1.3266369596701753e-12
NSLDP_M5_GLC_GLCAASE,0.0,999.9999999999999
NSLDP_M5_GLCt2pp,0.0,999.9999999999999
NSLDP_M5_GLCtex,0.0,999.9999999999999
NSLDP_M5tepp,0.0,1000.0
NSLDP_M5tex,-1000.0,0.0
NT5C,0.0,-1.437470480597574e-11
NTD1,0.0,-1.644235838289139e-11
NTD10,0.0,-1.8211126149477955e-11
NTD11,0.0,-1.6691853410698744e-11
NTD2,0.0,-1.5081452082256526e-11
NTD3,0.0,-1.713696089954446e-11
NTD4,0.0,-1.47964190990502e-11
NTD5,0.0,-1.6527393164726247e-11
NTD5_a,0.0,-1.5457149755477757e-11
NTD6,0.0,-1.5887784185304707e-11
NTD7,0.0,-1.5942790427679493e-11
NTD8,0.0,-1.5475520865900032e-11
NTD9,0.0,-1.5650270628780696e-11
NTRIR5,-666.6666666666687,-1.8151453776878454e-13
NVERP_GLC_GLCAASE,0.0,1000.0000000000015
NVERP_GLCt2pp,0.0,999.9999999999999
NVERP_GLCtex,0.0,999.9999999999999
NVERPtepp,0.0,1000.0
NVERPtex,-1000.0,5.847201621410286e-13
NZP_NRepp,-1000.0,1000.0
NZPtex,-1000.0,1000.0
N_OH_PHTN_GLC_GLCAASE,0.0,1000.0
N_OH_PHTN_GLCt2pp,0.0,999.9999999999999
N_OH_PHTN_GLCtex,0.0,999.9999999999999
N_OH_PHTNtepp,0.0,1000.0
N_OH_PHTNtex,-1000.0,0.0
O2t5ipp,2.030900085688012,1000.0000000000001
O2tex,2.030900085687679,1000.0
OAASr,-1000.0,1000.0
OBTFL,55.11348488929313,1000.0
OCBT,0.0,-6.449759564884987e-12
OCDCAt2pp,8.785995503991312,8.785995503969827
OCDCAtex,8.785995503984338,8.785995503969806
ODSM_EGLTMN_GLC_GLCAASE,0.0,999.9999999999999
ODSM_EGLTMN_GLCt2pp,0.0,999.9999999999999
ODSM_EGLTMN_GLCtex,0.0,999.9999999999999
ODSM_EGLTMNtepp,0.0,1000.0
ODSM_EGLTMNtex,-1000.0,0.0
ODSM_GLTMN_GLC_GLCAASE,0.0,1000.0
ODSM_GLTMN_GLCt2pp,0.0,999.9999999999999
ODSM_GLTMN_GLCtex,0.0,999.9999999999999
ODSM_GLTMNtepp,0.0,1000.0
ODSM_GLTMNtex,-1000.0,0.0
OHPBAT,1.0154500428460727,1.0154500428385205
OHPHM,1.0154500428385214,1.0154500428385194
OH_ETR_GLC_GLCAASE,0.0,999.9999999999999
OH_ETR_GLCt2pp,0.0,999.9999999999999
OH_ETR_GLCtex,0.0,999.9999999999999
OH_ETRtepp,0.0,1000.0
OH_ETRtex,-1000.0,0.0
OH_PBL_GLC_GLCAASE,0.0,1000.0
OH_PBL_GLCt2pp,0.0,999.9999999999999
OH_PBL_GLCtex,0.0,999.9999999999999
OH_PBLtepp,0.0,1000.0
OH_PBLtex,-1000.0,0.0
OIVD1r,8.785995503969838,8.785995503968234
OIVD3,8.785995503969751,953.6725106147037
OMBZLM,0.0,-4.003879726601494e-12
OMCDC,0.0,941.8401649822093
OMMBLHX3,0.0,-3.736939356320798e-12
OMPDC,0.0,-1.3369161479161694e-11
OMPHHX3,0.0,-3.4081383278317384e-12
OP4ENH,0.0,0.0
OPHBDC,1.0154500428385216,1.0154500428385194
OPHHX3,1.0154500428385214,1.0154500428385191
ORNDC,0.0,941.8401649822124
ORNTAC,1.3189495774286895e-11,-9.747355253958471e-12
ORNabcpp,0.0,-1.2219403789373766e-11
ORNtex,1.554852752249058e-11,941.8401649822156
OROTPT,0.0,-8.786528061562586e-12
OXPTNDH,0.0,-7.153486761848362e-12
P1CM,0.0,-7.922642970655053e-13
P5CD,0.0,979.4050253286202
P5CRyr,-1000.0,979.4050253286186
PAAMOR,0.0,-5.343762745046023e-12
PACCOAL,-1.333576195852295e-13,83.59693391004994
PACt2rpp,0.0,83.59693391005612
PACtex,0.0,83.59693391005612
PANTS,0.0,-9.128797337604303e-12
PAPPT2,0.0,0.0
PAPPT3,0.2309916397811824,0.23099163978118195
PBtex,0.0,0.0
PBtpp,0.0,0.0
PCRESOLt2rpp,0.0,0.0
PCRESOLtex,0.0,0.0
PDHbr,0.0,0.0
PDHc,0.0,0.0
PDX5PO,0.0,1.015450042838518
PDX5PO2,0.0,1.015450042838518
PDX5PSYN,1.0154500428446795,1.0154500428385183
PEPGLY,0.23099163978118234,0.23099163978118156
PERD,1.0154500428425588,1.0154500428385185
PFK,0.0,-1.9331876375978394e-11
PFK_2,0.0,-1.1413917144071426e-11
PFK_3,0.0,-7.06842134840413e-12
PFL,0.0,941.8401649822067
PGAMT,-13.271717323743962,-13.271717323753967
PGI,-1000.0,1000.0
PGK,-999.9999999999999,-1000.0000000000108
PGL,0.0,1000.0000000000001
PGLYCP,0.0,0.0
PGM,-1000.0,-1000.0000000000081
PGMT,-16.011847817055223,983.9881521829227
PGMT2,-999.9999999999878,-7.336386227600056e-12
PGPP120,0.0,0.0
PGPP140,0.0,0.0
PGPP141,0.0,0.0
PGPP160,0.0,0.0
PGPP161,0.0,0.0
PGPP180,3.2947483139886904,3.2947483139886864
PGPP181,0.0,0.0
PGPPAI15,0.0,0.0
PGPPAI17,3.2947483139886904,3.29474831398868
PGPPI14,0.0,0.0
PGPPI15,0.0,0.0
PGPPI16,0.0,0.0
PGPPI17,3.2947483139886904,3.29474831398868
PGSA120,0.0,0.0
PGSA140,0.0,0.0
PGSA141,0.0,0.0
PGSA160,0.0,0.0
PGSA161,0.0,0.0
PGSA180,3.29474831398869,3.294748313988678
PGSA181,0.0,0.0
PGSAAI15,0.0,0.0
PGSAAI17,3.29474831398869,3.29474831398868
PGSAI14,0.0,0.0
PGSAI15,0.0,0.0
PGSAI16,0.0,0.0
PGSAI17,3.29474831398869,3.294748313988684
PHACOAO,3.528293844537648e-17,83.59693391006421
PHEMEtex,1.0154500428396218,1.0154500428385198
PHETA1,-985.7985096720425,0.0
PHE_Ltex,-963.2646427692939,22.533866902744272
PHEt2pp,0.0,1000.0
PHEtecpp,-1000.0,22.533866902744276
PHPPA_GLC_GLCAASE,0.0,1000.0
PHPPA_GLCt2pp,0.0,999.9999999999999
PHPPA_GLCtex,0.0,999.9999999999999
PHPPAtepp,0.0,1000.0
PHPPAtex,-1000.0,0.0
PHTHRDH,1.0154500428443711,1.01545004283852
PHTN_GLC_GLCAASE,0.0,999.9999999999999
PHTN_GLCt2pp,0.0,999.9999999999999
PHTN_GLCtex,0.0,999.9999999999999
PIMEtex,0.0,-1.4376220933234562e-12
PIMEtrpp,0.0,-2.2467366209773906e-12
PIabcpp,0.0,-9.029934602293245e-12
PIt6bipp,0.0,-2.996653799073897e-11
PIt7irpp,0.0,-3.1673478039659e-11
PItex,-1000.0,-1000.000000000033
PMACPME,0.0,0.0
PMANM,0.0,0.0
PMDPHT,0.0,-5.309680463034242e-12
PMPK,0.0,-2.5331239103411687e-12
PMTCOATA,1.683665881967625e-11,-1.3855504765515064e-12
PNP,997.96909991435,997.9690999143162
PNTK,2.030900085676705,2.0309000856738733
PNTO_Rtex,2.030900085689768,2.0309000856742747
PNTOt4pp,2.0309000856919863,2.0309000856742747
POR4,-941.8401649822079,0.0
POX,0.0,-9.72830214696348e-12
PPA,0.0,-1.2157037755105524e-11
PPAKr,1000.0000000000203,1000.0
PPAt2rpp,1000.0000000000166,1000.0
PPAtex,-1000.0,-1000.0000000000088
PPBNGS,0.0,-4.746501332370387e-12
PPCDC,2.030900085677291,2.030900085676004
PPCK,0.0,-1.2010114799699902e-11
PPCr,18.273995333072012,960.1141603152751
PPGPPDP,0.0,-5.280215996256232e-12
PPIt2epp,213.62640092374838,213.62640092372402
PPItex,-213.62640092371475,-213.62640092374014
PPM,-1000.0,863.5958717676555
PPNCL3,0.0,2.0309000856757633
PPND,0.0,1000.0000000000001
PPND2,0.0,1000.0
PPNDH,0.0,985.7985096720555
PPPGO3,0.0,-7.391605996310301e-13
PPPNDO,0.0,997.9690999143119
PPPNt2rpp,0.0,997.9690999143154
PPPNtex,0.0,997.9690999143152
PPRDNDH,0.0,-2.0198770481836467e-11
PPS,0.0,-7.39743307839572e-12
PPTT,0.0,1.0154500428370683
PRAGS,0.0,-3.2753173645174236e-12
PRAI,0.0,-6.004052065056514e-12
PRAIS,0.0,-3.2346100826954633e-12
PRAMPC,0.0,-6.004052065056529e-12
PRASCSi,0.0,-2.3548457024908357e-12
PRATPP,0.0,-7.125216872330755e-12
PREN,0.0,1.015450042837344
PRFGS,0.0,-3.577155079211027e-12
PRMICI,0.0,-5.599933176062344e-12
PRO1x,0.0,1000.0
PROB_GLC_GLCAASE,0.0,999.9999999999999
PROB_GLCt2pp,0.0,999.9999999999999
PROB_GLCtex,0.0,999.9999999999999
PROBtepp,0.0,1000.0
PROBtex,-1000.0,0.0
PROD2,0.0,1000.0
PROD3,0.0,0.0
PRODTHLOX,0.0,0.0
PRONT_GLC_GLCAASE,0.0,999.9999999999999
PRONT_GLCt2pp,0.0,999.9999999999999
PRONT_GLCtex,0.0,999.9999999999999
PRONTtepp,0.0,1000.0
PRONTtex,-1000.0,0.0
PROPAT4tepp,-1000.0,999.9999999999999
PROPL_GLC_GLCAASE,0.0,999.9999999999999
PROPL_GLCt2pp,0.0,999.9999999999999
PROPL_GLCtex,0.0,999.9999999999999
PROPLtepp,0.0,1000.0
PROPLtex,-1000.0,0.0
PRO_Ltex,20.594974671386268,1000.0
PROabcpp,0.0,-1.0614683399664805e-11
PROt2pp,0.0,1000.0
PROt4pp,0.0,1000.0
PRPPS,1.0154500428385214,27.024013898717143
PRX_MII_GLC_GLCAASE,0.0,999.9999999999999
PRX_MII_GLCt2pp,0.0,999.9999999999999
PRX_MII_GLCtex,0.0,999.9999999999999
PRX_MIItepp,0.0,1000.0
PRX_MIItex,-1000.0,0.0
PRX_MI_GLC_GLCAASE,0.0,999.9999999999999
PRX_MI_GLCt2pp,0.0,999.9999999999999
PRX_MI_GLCtex,0.0,999.9999999999999
PRX_MItepp,0.0,1000.0
PRX_MItex,-1000.0,0.0
PSCVT,1.0154500428385218,1.0154500428288356
PSD120,0.0,0.0
PSD140,0.0,0.0
PSD141,0.0,0.0
PSD160,0.0,0.0
PSD161,0.0,0.0
PSD180,1.0982494379962293,1.0982494379962304
PSD181,0.0,0.0
PSDAI15,0.0,0.0
PSDAI17,1.09824943799623,1.0982494379962267
PSDI14,0.0,0.0
PSDI15,0.0,0.0
PSDI16,0.0,0.0
PSDI17,1.09824943799623,1.0982494379962267
PSERT,0.0,0.0
PSP_L,0.0,0.0
PSSA120,0.0,0.0
PSSA140,0.0,0.0
PSSA141,0.0,0.0
PSSA160,0.0,0.0
PSSA161,0.0,0.0
PSSA180,1.0982494379962302,1.0982494379962267
PSSA181,0.0,0.0
PSSAAI15,0.0,0.0
PSSAAI17,1.0982494379962302,1.098249437996226
PSSAI14,0.0,0.0
PSSAI15,0.0,0.0
PSSAI16,0.0,0.0
PSSAI17,1.0982494379962302,1.09824943799623
PTA2,1000.000000000011,1000.0
PTAr,987.1902659558397,1000.0
PTPAT,2.030900085682284,2.0309000856655275
PTRCORNt7pp,-966.5751094114628,-24.73494442927303
PTRCTA,0.0,974.2496055278863
PTRCabcpp,0.0,-1.671409121528766e-11
PTRCt2pp,25.750394472109754,1000.0
PTRCtex,-940.8247149393695,975.2650555707247
PTRCtex2pp,0.0,974.249605527887
PTVSTGLUC_GLCAASE,2.6060964144874092e-14,999.4922749785791
PTVSTGLUCt2pp,0.0,999.4922749785794
PTVSTGLUCtex,0.0,999.4922749785793
PTVSTtepp,0.0,999.4922749785791
PTVSTtex,-999.4922749785798,1.0061901016852007e-14
PUNP1,-999.9999999999869,999.9999999999876
PUNP2,-999.9999999999884,1000.0
PUNP3,-999.9999999999915,10.194800226663917
PUNP4,0.0,999.9999999999917
PUNP5,-999.9999999999875,-1.1586179194965427e-11
PUNP6,2.751404408356936e-13,999.9999999999868
PUNP7,1.3216992878292264e-11,-1.1005617633427748e-11
PUTA3,0.0,-9.164414832330572e-12
PVSGLUC_GLCAASE,0.0,999.9999999999999
PVSGLUCt2pp,0.0,999.9999999999999
PVSGLUCtex,0.0,999.9999999999999
PVStepp,0.0,1000.0
PVStex,-1000.0,0.0
PYAM5POr,0.0,-7.674635688358388e-12
PYDAMK,0.0,-6.590222434153414e-12
PYDAMabcpp,0.0,-6.590129309180821e-12
PYDAMtex,0.0,-6.590129309180821e-12
PYDXK,0.0,-1.2992509313630585e-11
PYDXNK,0.0,-6.6501698789759176e-12
PYDXNabcpp,0.0,-7.338640227909412e-12
PYDXNtex,0.0,-7.338640227909414e-12
PYDXPP,0.0,-1.4750168598237415e-11
PYDXabcpp,0.0,-6.650169878975915e-12
PYDXtex,0.0,-6.7873223663728434e-12
PYK,1000.0000000000118,1000.0
PYNP2r,-1000.0,7.046773361740425
Q8tex,0.0,0.0
QULNS,0.0,1.0154500428244946
R406_GLC_GLCAASE,0.0,999.9999999999999
R406_GLCt2pp,0.0,1000.0000000000001
R406_GLCtex,0.0,1000.0
R406tepp,0.0,999.9999999999999
R406tex,-999.999999999975,0.0
R529_GLC_GLCAASE,0.0,1000.0
R529_GLCt2pp,0.0,999.9999999999999
R529_GLCtex,0.0,999.9999999999999
R529tepp,0.0,1000.0
R529tex,-1000.0,0.0
R788tex,0.0,-2.8491748713367066e-11
RAFGH,0.0,0.0
RB5PE,0.0,0.0
RBFK,1.0154500428385216,1.0154500428385196
RBFSa,0.0,-1.2017112341824415e-11
RBFSb,0.0,-6.94121311498307e-12
RBK,0.0,-1.3785109252382712e-11
RBK_D,0.0,0.0
RBK_L1,0.0,-1.2896094696187167e-11
RBP4E,0.0,-1.279810781747616e-11
RE1944C,0.0,0.0
RE3009C,0.0,-8.49529570642812e-12
REGFNB_GLC_GLCAASE,0.0,1000.0
REGFNB_GLCt2pp,0.0,999.9999999999999
REGFNB_GLCtex,0.0,999.9999999999999
REGFNBtepp,0.0,1000.0
REGFNBtex,-1000.0,0.0
REP_GLC_GLCAASE,0.0,1000.0
REP_GLCt2pp,0.0,999.9999999999999
REP_GLCtex,0.0,999.9999999999999
REPtepp,0.0,1000.0
REPtex,-1000.0,0.0
RHAT1,3.202369563413446,3.2023695634134386
RHCCE,0.0,-1.0561623579926424e-11
RIBABCtepp,0.0,-1.2121534739354935e-11
RIBFLVt2rpp,2.03090008568265,2.030900085677038
RIBFLVtex,2.0309000856835873,2.0309000856770365
RIB_Dtex,1.3261410248922106e-11,-8.956853919372226e-12
RIBabcpp,0.0,-5.612963234604306e-12
RMI,0.0,0.0
RMK,0.0,0.0
RMK2,0.0,0.0
RMPA,0.0,0.0
RNDR1,0.0,1.7116223438178952
RNDR2,0.0,1.725307137269127
RNDR3,0.0,3.436929481102152
RNDR4,0.0,-1.1958389416856841e-11
RNTR1,0.0,1.7116223438197875
RNTR2,0.0,1.725307137272143
RNTR3,0.0,3.4369294811012034
RNTR4,0.0,-1.2365719804382187e-11
RPE,-700.3042044506341,542.0930433944593
RPI,-790.9377366346182,558.1051470020448
RPN_104557_CB_GLC_GLCAASE,0.0,941.8401649822299
RPN_104557_CB_GLCt2pp,0.0,941.8401649821606
RPN_104557_CB_GLCtex,0.0,941.8401649821606
RPN_104557tepp,0.0,941.8401649821606
RPN_104557tex,-941.8401649822143,-1.1012417998498808e-13
RPN_96990_GLC_GLCAASE,0.0,1000.0
RPN_96990_GLCt2pp,0.0,999.9999999999999
RPN_96990_GLCtex,0.0,999.9999999999999
RPN_96990tepp,0.0,1000.0
RPN_96990tex,-1000.0,0.0
RPN_OH_GLC_GLCAASE,0.0,999.9999999999999
RPN_OH_GLCt2pp,0.0,999.9999999999999
RPN_OH_GLCtex,0.0,999.9999999999999
RPN_OHtepp,0.0,1000.0
RPN_OHtex,-1000.0,0.0
RSVGLUC_GLCAASE,0.0,999.4922749785786
RSVGLUCt2pp,0.0,999.4922749785793
RSVGLUCtex,0.0,999.4922749785792
RSVtepp,0.0,999.492274978579
RSVtex,-999.4922749785741,1.2108420347936763e-13
RZ5PP,1.0154500428385214,1.015450042831621
R_6OH_WARF_GLC_GLCAASE,0.0,999.9999999999955
R_6OH_WARF_GLCt2pp,0.0,999.9999999999999
R_6OH_WARF_GLCtex,0.0,999.9999999999999
R_6OH_WARFtepp,0.0,1000.0
R_6OH_WARFtex,-1000.0,0.0
R_7OH_WARF_GLC_GLCAASE,0.0,1000.0000000000003
R_7OH_WARF_GLCt2pp,0.0,999.9999999999999
R_7OH_WARF_GLCtex,0.0,999.9999999999999
R_7OH_WARFtepp,0.0,1000.0
R_7OH_WARFtex,-1000.0,0.0
R_8OH_WARF_GLC_GLCAASE,0.0,1000.0000000000003
R_8OH_WARF_GLCt2pp,0.0,999.9999999999999
R_8OH_WARF_GLCtex,0.0,999.9999999999999
R_8OH_WARFtepp,0.0,1000.0
R_8OH_WARFtex,-1000.0,0.0
S7PIr,12.809478253653781,12.809478253653754
SADH,0.0,-1.1816516134255143e-11
SADT,0.0,-1.4112162722993417e-11
SADT2,0.0,-6.426348196607724e-12
SALCNtex,0.0,0.0
SALCptspp,0.0,0.0
SBTPD,0.0,941.8401649822105
SBT_Dtex,0.0,941.8401649822077
SBTptspp,0.0,941.8401649822077
SB_611855tepp,1.0154500428431548,508.7812314053086
SB_611855tex,-508.78123140530806,-1.0154500428417348
SB_Ytepp,0.0,1000.0
SB_Ytex,-1000.0,0.0
SCH_488128_GLCAASE,0.0,1000.0
SCH_488128t2pp,0.0,999.9999999999999
SCH_488128tex,0.0,999.9999999999999
SCH_57871_GLC_GLCAASE,0.0,999.9999999999999
SCH_57871_GLCt2pp,0.0,999.9999999999999
SCH_57871_GLCtex,0.0,999.9999999999999
SCH_57871tepp,0.0,1000.0
SCH_57871tex,-1000.0,0.0
SDPDS,0.23099163978118237,0.230991639776756
SDPNPT,0.0,0.0
SDPTA,-0.23099163977459378,-0.23099163978118237
SELNItex,-1000.0,0.0
SELNPS,0.0,0.0
SELRdmqpp,0.0,1000.0
SELRmqpp,0.0,1000.0
SELtex,0.0,1000.0
SEPHCHS,0.0,999.999999999999
SERATi,0.0,-1.8504495710737542e-11
SERD_D,0.0,1000.0
SER_Dtex,0.0,1000.0
SER_Ltex,-908.7932176940164,1000.0000000000002
SFND_1689_GLC_GLCAASE,0.0,999.9999999999999
SFND_1689_GLCt2pp,0.0,999.9999999999999
SFND_1689_GLCtex,0.0,999.9999999999999
SFND_1689tepp,0.0,1000.0
SFND_1689tex,-1000.0,0.0
SFTZ_GLC_GLCAASE,0.0,1000.0
SFTZ_GLCt2pp,0.0,999.9999999999999
SFTZ_GLCtex,0.0,999.9999999999999
SFTZtepp,0.0,1000.0
SFTZtex,-1000.0,0.0
SGAT,0.0,4.392997751972154
SGDS,0.0,-1.0895989312309964e-11
SGSAD,0.0,-1.0159947268770276e-11
SHCHCS3,0.0,999.9999999999999
SHCHD2,0.0,-1.272151032472565e-12
SHCHF,0.0,-1.1586167805964976e-12
SHEMEabcpp,1.0154500428400781,1.01545004283852
SHEMEtex,1.0154500428400905,1.0154500428385174
SHK3Dr,1.0154500428385216,1.015450042822277
SHKK,1.0154500428385216,1.015450042829035
SHSL1r,1.2585945956110334e-11,15.531562724946884
SHSL4r,-15.53156272494245,-7.0518653956017976e-12
SIMVGLUC_GLCAASE,0.0,999.9999999999999
SIMVGLUCt2pp,0.0,999.9999999999999
SIMVGLUCtex,0.0,999.9999999999999
SMAP_GLC_GLCAASE,0.0,999.9999999999999
SMAP_GLCt2pp,0.0,999.9999999999999
SMAP_GLCtex,0.0,999.9999999999999
SMAPtepp,0.0,1000.0
SMAPtex,-1000.0,0.0
SMVACIDtepp,0.0,1000.0
SMVACIDtex,-1000.0,0.0
SN38G_GLCAASE,0.0,1000.0
SN38Gt2pp,0.0,1000.0000000000001
SN38Gtex,0.0,1000.0
SN38tepp,0.0,1000.0000000000001
SN38tex,-1000.0,0.0
SNCOAT,0.0,0.0
SO4t2pp,1.0154500428605773,1.0154500428270967
SO4tex,1.0154500428385216,1.0154500428266573
SOTA,0.0,-1.1928041976437365e-11
SPMDAT1,0.0,0.0
SPMDAT2,0.0,0.0
SPMDabcpp,1.015450042843738,1.0154500428385194
SPMDtex,1.0154500428443278,1.0154500428385187
SPMS,0.0,-7.235458556742863e-12
SPODM,0.0,0.0
SPZ_GLC_GLCAASE,0.0,999.9999999999999
SPZ_GLCt2pp,0.0,999.9999999999999
SPZ_GLCtex,0.0,999.9999999999999
SPZ_SFN_GLC_GLCAASE,0.0,999.9999999999999
SPZ_SFN_GLCt2pp,0.0,999.9999999999999
SPZ_SFN_GLCtex,0.0,999.9999999999999
SPZ_SFNtepp,0.0,1000.0
SPZ_SFNtex,-1000.0,0.0
SPZtepp,0.0,1000.0
SPZtex,-1000.0,-4.547473508864641e-13
SRBL1PR,0.0,0.0
SSALxr,-1000.0,1000.0
SSALyr,-1000.0,1000.0
STCOATA,-8.7859955039546,-1.151699286139943e-11
STG_M3_GLCAASE,0.0,1000.0
STG_M3t2pp,0.0,999.9999999999999
STG_M3tex,0.0,999.9999999999999
STG_M4_GLCAASE,0.0,941.8401649822158
STG_M4t2pp,0.0,941.8401649822148
STG_M4tex,0.0,941.8401649822148
STGtepp,0.0,1000.0
STGtex,-1000.0,1.1368683772161603e-13
STYSGH,0.0,0.0
SUCBZL,0.0,-1.1159978852918156e-12
SUCBZS,0.0,-1.211952106169467e-12
SUCCt2_2pp,0.0,1000.0
SUCCt2_3pp,0.0,1000.0
SUCCtex,-1000.0,999.9999999999994
SUCCtpp,-1000.0,1000.0
SUCD1i,0.0,1000.0
SUCD4,0.0,1000.0
SUCDi,0.0,1000.0
SUCDimq,0.0,1000.0
SUCOAS,-83.3659422702736,0.23099163976761494
SUCRtex,0.0,0.0
SUCptspp,0.0,0.0
SULFACabcpp,0.0,-2.302641564838296e-11
SULFACtex,0.0,-2.213052443975549e-11
SULRi,0.0,-1.1065262219877745e-11
SULabcpp,0.0,-1.1002405783371208e-11
S_4OH_WARF_GLC_GLCAASE,0.0,999.9999999999999
S_4OH_WARF_GLCt2pp,0.0,999.9999999999999
S_4OH_WARF_GLCtex,0.0,999.9999999999999
S_4OH_WARFtepp,0.0,1000.0
S_4OH_WARFtex,-1000.0,0.0
S_6OH_WARF_GLC_GLCAASE,0.0,999.9999999999969
S_6OH_WARF_GLCt2pp,0.0,999.9999999999999
S_6OH_WARF_GLCtex,0.0,999.9999999999999
S_6OH_WARFtepp,0.0,1000.0
S_6OH_WARFtex,-1000.0,0.0
TAGURabcpp,0.0,-1.1111760718401e-11
TAGURr,-1000.0,8.396647416654252e-15
TAGURtex,-2.1804358869711233e-13,-1.0785544927910713e-11
TALA,-355.5413913092994,265.6572326132289
TARCGLYLi,0.0,0.0
TARTD,0.0,0.0
TARTRDH,0.0,0.0
TARTRDH2,0.0,0.0
TAT_GLCAASE,0.0,999.9999999999999
TATt2pp,0.0,1000.0000000000001
TATtex,0.0,1000.0
TAUDO,0.0,0.0
TAURabcpp,0.0,-1.7582295023335368e-11
TAURtex,0.0,-1.6986746106750278e-11
TDCOATA,-1000.0,-3.2023695634165934
TDG3PACT,-996.7976304365837,-1.7249292918350043e-11
TDPADGAT,0.0,0.0
TDPAGTA,0.0,0.0
TDPDRE,3.202369563413446,3.2023695634134377
TDPDRRr,3.2023695634134457,3.20236956341345
TDPGDH,3.2023695634134466,3.20236956341345
TDSK,6.404867022092814,6.40486702209303
TECA5S140,0.0,0.0
TECA5S160,0.0,0.0
TECA5S180,0.0,0.0
TECA5SAI15,0.0,0.0
TECA5SAI17,0.0,0.0
TECA5SI14,0.0,0.0
TECA5SI15,0.0,0.0
TECA5SI16,0.0,0.0
TECA5SI17,0.0,0.0
TFMO2,0.0,0.0
TGBPA,0.0,1.1804235876599314e-12
TGZ_GLC_GLCAASE,0.0,1000.0000000000005
TGZ_GLCt2pp,0.0,999.9999999999999
TGZ_GLCtex,0.0,999.9999999999999
TGZtepp,0.0,1000.0
TGZtex,-1000.0,0.0
THD1,-1000.0,1000.0
THD2pp,0.0,1000.0
THDPS,0.23099163978118237,0.2309916397755358
THFtepp,0.0,-4.560456303643274e-12
THFtex,4.149314694686198e-12,0.0
THII,0.0,0.0
THIORDXi,0.0,996.5630705188804
THMDt2rpp,-1000.0,1.7116223438301084
THMDt4pp,0.0,1000.0
THMP,0.0,-9.722466512864363e-12
THMabcpp,1.0154500428464683,1.0154500428288666
THMtepp,0.0,-9.847895019993838e-12
THMtex,1.0154500428463755,1.0154500428385196
THRAi,0.0,976.1040485151677
THRD,0.0,976.1040485151772
THRD_L,0.0,976.1040485151746
THRS,0.0,-6.579795555966527e-12
THR_Ltex,23.895951484825506,1000.0
THRt2rpp,23.89595148482284,1000.0
THSACMPtepp,0.0,1000.0
THSACMPtex,-1000.0,-4.547473508864641e-13
THSFST,0.0,0.0
THYMDtex,1.4759084927811025e-11,1.7116223438302598
THZPSN,0.0,-5.248156593382179e-12
TKT1,-342.7319130556715,278.4667108668878
TKT2,-357.5722913949862,263.62633252755825
TLF_A_1Atepp,0.0,1000.0
TLF_A_1Atex,-1000.0,0.0
TLF_A_1Btepp,0.0,999.9999999999994
TLF_A_1Btex,-1000.0,2.548056195021898e-28
TLF_A_1Xtepp,0.0,1000.0
TLF_A_1Xtex,-1000.0,0.0
TLF_A_2Atepp,0.0,1000.0
TLF_A_2Atex,-1000.0,0.0
TLF_A_2tepp,0.0,1000.0
TLF_A_2tex,-1000.0,0.0
TLF_A_3tepp,0.0,1000.0
TLF_A_3tex,-1000.0,0.0
TLF_A_4tepp,0.0,1000.0
TLF_A_4tex,-1000.0,0.0
TLF_A_M1_GLCAASE,1.468322399799842e-13,999.9999999999999
TLF_A_M1t2pp,0.0,999.9999999999999
TLF_A_M1tex,0.0,999.9999999999999
TLF_A_M2_GLCAASE,0.0,999.9999999999999
TLF_A_M2t2pp,0.0,999.9999999999999
TLF_A_M2tex,0.0,999.9999999999999
TLF_A_M3_GLCAASE,-1.4367764107416422e-13,999.9999999999999
TLF_A_M3t2pp,0.0,999.9999999999999
TLF_A_M3tex,0.0,999.9999999999999
TLF_A_M4A_GLCAASE,0.0,999.9999999999998
TLF_A_M4At2pp,0.0,999.9999999999999
TLF_A_M4Atex,0.0,999.9999999999999
TLF_A_M4_GLCAASE,0.0,1000.0
TLF_A_M4t2pp,0.0,1000.0000000000001
TLF_A_M4tex,0.0,1000.0
TLF_A_M5A_GLCAASE,0.0,999.9999999999999
TLF_A_M5At2pp,0.0,999.9999999999999
TLF_A_M5Atex,0.0,999.9999999999999
TLF_A_M5B_GLCAASE,0.0,1000.0
TLF_A_M5Bt2pp,0.0,1000.0000000000001
TLF_A_M5Btex,0.0,1000.0
TLF_A_M5_GLCAASE,0.0,999.9999999999999
TLF_A_M5t2pp,0.0,1000.0
TLF_A_M5tepp,0.0,1000.0
TLF_A_M5tex,-1000.0000000000005,1000.0
TLF_A_M6_GLCAASE,2.202483599699763e-12,999.9999999999999
TLF_A_M6t2pp,0.0,999.9999999999999
TLF_A_M6tex,0.0,999.9999999999999
TLF_A_M9_GLCAASE,0.0,999.9999999999999
TLF_A_M9t2pp,0.0,999.9999999999999
TLF_A_M9tex,0.0,999.9999999999999
TLF_Atepp,0.0,1000.0
TLF_Atex,-1000.0,1.1368683772161603e-13
TLMS_GLC_GLCAASE,0.0,1000.0
TLMS_GLCt2pp,0.0,999.9999999999999
TLMS_GLCtex,0.0,999.9999999999999
TLMStepp,0.0,1000.0
TLMStex,-1000.0,0.0
TMACMPtepp,0.0,1000.0
TMACMPtex,-1000.0,0.0
TMAOR1,0.0,0.0
TMAOR1epp,0.0,1000.0
TMAOR2,0.0,0.0
TMAOR2epp,-1000.0,1000.0
TMAOtex,-1000.0,1000.0
TMAtex,-1000.0,1000.0
TMDK1,0.0,1.7116223438149312
TMDPP,0.0,0.0
TMDS,0.0,1.7116223438133154
TMK,1.015450042843973,1.0154500428219506
TMPK,1.0154500428385214,1.015450042838518
TMPPP,6.115619998109978e-16,-4.776988756998518e-12
TMPPP_1,0.0,0.0
TOLCP_AC_GLC_GLCAASE,0.0,999.9999999999999
TOLCP_AC_GLCt2pp,0.0,999.9999999999999
TOLCP_AC_GLCtex,0.0,999.9999999999999
TOLCP_ACtepp,0.0,1000.0
TOLCP_ACtex,-1000.0,0.0
TOLCP_AM_GLC_GLCAASE,0.0,1000.0
TOLCP_AM_GLCt2pp,0.0,999.9999999999999
TOLCP_AM_GLCtex,0.0,999.9999999999999
TOLCP_AMtepp,0.0,1000.0
TOLCP_AMtex,-1000.0,0.0
TOLCP_GLC_GLCAASE,0.0,999.9999999999999
TOLCP_GLCt2pp,0.0,999.9999999999999
TOLCP_GLCtex,0.0,999.9999999999999
TOLCPtepp,0.0,1000.0
TOLCPtex,-1000.0,0.0
TPI,-984.883116358909,918.7769267842767
TPNOHtepp,0.0,1000.0
TPNOHtex,-1000.0,0.0
TPNO_1GLC_4G_GLCAASE,0.0,999.9999999999999
TPNO_1GLC_4Gt2pp,0.0,999.9999999999999
TPNO_1GLC_4Gtex,0.0,999.9999999999999
TPNO_4GLC_GLCAASE,1.468322399799842e-13,999.9999999999999
TPNO_4GLCt2pp,0.0,999.9999999999999
TPNO_4GLCtex,0.0,999.9999999999999
TPNO_4Gtepp,0.0,1000.0000000000001
TPNO_4Gtex,-1000.0,0.0
TRDOXOX,0.0,0.0
TRDRr,3.4369294811277515,1000.0
TRE6PH,0.0,-1.7835402754308513e-11
TRE6PP,0.0,-1.759950357915721e-11
TRE6PS,0.0,-1.5205877563300672e-11
TREGLUDR2,1.4352862640233954e-11,-1.5205877563300678e-11
TREH,0.0,-1.5224038667874685e-11
TREptspp,0.0,-1.5835524686369364e-11
TREtex,0.0,-1.6943085568303417e-11
TRPAS2i,0.0,1000.0
TRPS1,0.0,1000.0
TRPS2,0.0,1000.0
TRPS3r,-999.9999999999997,-7.1905919804180975e-12
TRP_Ltex,-993.030219588322,999.9999999999997
TRPt2rpp,-993.0302195883228,1000.0000000000001
TRSAR,0.0,999.9999999999905
TRSARry,-1000.0,-7.275957614183426e-12
TSACMGLUC_GLCAASE,0.0,999.9999999999999
TSACMGLUCt2pp,0.0,999.9999999999999
TSACMGLUCtex,0.0,999.9999999999999
TSULabcpp,0.0,-1.5032757728903827e-11
TSULtex,0.0,-1.052538972474715e-11
TTDCAt2pp,3.2023695634161107,3.20236956340293
TTDCAtex,3.2023695634160307,3.202369563400839
TYRTA,-1000.0,0.0
TYR_Ltex,14.201490327960572,999.9999999999999
TYRt2rpp,14.20149032796057,999.9999999999999
U23GAAT,12.809734044185626,12.80973404418474
UAAGDS,0.23099163978118234,0.23099163978118195
UACMAMO,0.0,0.0
UAG2E,0.0,0.0
UAG2EMA,1.458243653322475e-11,-1.0937158340608425e-11
UAG4E,0.0,0.0
UAGAAT,12.80973404418563,12.809734044184871
UAGCVT_r,0.23099163978118237,0.23099163978118195
UAGDP,13.271717323762257,13.271717323737061
UAGPT2,0.0,0.0
UAGPT3,0.23099163978118234,0.2309916397811818
UAMAGS,0.23099163978118234,0.23099163978118142
UAMAS,0.23099163978118234,0.23099163978118142
UAPGR,0.2309916397811823,0.2309916397811814
UDCPDP,0.2309916397811824,0.23099163978118145
UDCPDPS,0.23099163978118242,0.2309916397811815
UDPG4E,1.4077930328637951e-11,0.0
UDPGP,0.0,-2.1874316681216872e-11
UGLT,-1000.0,987.1905217463342
UGLYCH,0.0,0.0
UGMDDS,0.23099163978118234,0.23099163978118178
UHGADA,12.80973404418563,12.809734044184536
UMPK,6.635858661887541,10.24570254250343
UNK3,0.0,0.0
UPP3MT3,0.0,-1.6869457179093688e-12
UPP3S,0.0,-1.7995866496012378e-12
UPPDC1,0.0,-4.049733473535237e-12
UPPDC2b,0.0,0.0
UPPRT,0.0,3.6098438806247217
URAt2pp,0.0,1000.0000000000014
URAtex,0.0,1000.0
URDGLYCD,0.0,1000.0
URDGLYCR,-999.9999999999999,0.0
UREA,0.0,470.92008249110427
URFGTT,1.0154500428420452,1.0154500428385191
URIK1,0.0,3.609843880619661
URIK10,0.0,10.387909288679085
URIK11,0.0,10.387909288680774
URIK12,0.0,10.387909288678268
URIK13,0.0,10.3879092886796
URIK14,0.0,10.387909288679017
URIK2,0.0,3.6098438806272375
URIK3,0.0,3.6098438806259447
URIK4,0.0,3.6098438806297124
URIK5,0.0,3.609843880626923
URIK6,0.0,3.6098438806270496
URIK7,0.0,3.6098438806269155
URIK8,0.0,3.609843880628367
URIK9,0.0,3.60984388062669
URIt2rpp,-1000.0,7.046773361740827
URIt4pp,0.0,1000.0
URItex,-1000.0,7.046773361741257
USHD,6.404867022092814,6.404867022092444
UTPATPT,-1000.0,973.9188044225829
VALTA,-1000.0,1000.0
VAL_Ltex,-902.4842337527816,981.1960962116194
VALabcpp,0.0,-7.301726666496912e-12
VALt2rpp,-902.4842337527818,981.196096211648
VPAMTr,-1000.0,1000.0
XANt2pp,0.0,-8.11300254336731e-12
XANtex,0.0,-1.0518626197415143e-11
XPPTr,1.769226707666347e-11,0.0
XTSNH,0.0,-1.5002730314948468e-11
XYLI1,0.0,-1.0190094987489747e-11
XYLI2,1.6912414915488893e-11,-9.648701729898203e-12
XYLK,0.0,-8.615065276817421e-12
XYL_Dtex,0.0,-7.952038370644352e-12
XYLabcpp,0.0,-8.02298817613609e-12
XYLtpp,1.6420494534396006e-11,-8.140556521672557e-12
YUMPS,0.0,0.0
ZN2tex,1.0154500428385216,1.0154500428385203
ZNabcpp,1.0154500428385216,1.0154500428385218
dreplication,127.8952659217,127.89526592170003
pbiosynthesis,127.8952659217,127.89526592170003
r0010,0.0,501.01545004283787
r0060,0.0,984.3391799245397
r0082,0.0,941.8401649822215
r0120,0.0,0.0
r0127,0.0,981.0292952058196
r0163c,0.0,0.0
r0220,0.0,-1.6041180851127397e-11
r0318i,0.0,-1.4858261448787648e-11
r0339,-1.9310841364360758e-13,-1.138211229319048e-11
r0345,1.3374501083577614e-11,0.0
r0398,0.0,0.0
r0422,0.0,941.8401649822114
r0502,0.0,0.0
r0556ci,0.0,0.0
r0570,-999.9999999999836,999.9999999999997
r0578,0.0,0.0
r0671,0.0,2.0309000856760906
r0708,0.0,0.0
r0775,0.0,0.0
r0777,0.0,0.0
r1144pp,0.0,1000.0
r1421pp,1.672187768068785e-11,0.0
r1667pp,24.734944429262686,495.6550269203391
r2137pp,1.0154500428385214,1.0154500428385187
r2471pp,0.0,1000.0
r2526pp,-1000.0,1000.0000000000019
rtranscription,127.8952659217,127.89526592169973
sink_PGPm1[c],0.6929493402903626,0.6929493402903603
sink_dmbzid,5.62682187439786e-12,1.8210308781839523e-16
sink_s,1.643876963429933e-12,0.0
sink_thissh[c],0.0,0.0
bio1,127.8952659217,127.89526592169958
